1 1150,12100
2 781,5171
3 503,22061
4 1760,2584
5 2813,8047
6 12151,19357
7 343,8054
8 1537,10020
9 5359,19546
10 138,6373
11 4811,12526
12 1230,1619
13 4950,20430
14 1431,21778
15 830,14328
16 981,17130
17 5089,5160
18 2198,11562
19 8,6937
20 567,2861
21 4831,7763
22 6027,6355
23 627,16080
24 462,20860
25 778,1723
26 1943,20079
27 8139,11094
28 453,2866
29 7257,11618
30 2498,17470
31 4193,4879
32 16681,16704
33 4891,7148
34 5605,10167
35 2191,22652
36 172,11325
37 11808,20972
38 2652,19847
39 788,1829,13428,23351
40 2288,8459
41 5521,18710
42 2819,8751
43 2284,15408
44 407,6389
45 1799,14436
46 7427,14527
47 5712,24922
48 1152,3919
49 1527,4034
50 1192,4629
51 249,7776
52 8228,17968
53 14428,16690
54 3812,6620
55 11112,15648
56 50,742
57 4129,6574
58 1427,14322
59 61,21805
60 5666,19716
61 5101,5785
62 2156,3778,4721,13113
63 2227,2962
64 3541,18427
65 3387,5299
66 3853,6517
67 3,6417
68 10142,22322
69 1936,6480
70 16831,20570
71 3445,5151
72 9040,20875
73 12401,14898
74 9047,12521
75 2587,6935
76 1504,14636
77 1595,19531
78 4512,21870
79 1411,15082
80 2528,6867
81 17841,24917
82 3917,4817
83 11122,11859
84 865,5798
85 1704,22821
86 14408,24575
87 3160,24369
88 835,19928
89 6201,9244
90 689,5154
91 319,5871
92 1966,4912
93 4130,4817
94 10978,19188
95 2995,19435
96 276,12749
97 2717,10064
98 363,4504
99 18846,21138
100 278,1409
101 3120,13981
102 181,1337,3731
103 122,15125
104 17422,18286,23894
105 12098,13953
106 8540,16365
107 249,317
108 4763,22921
109 1392,11406
110 11732,16110
111 6955,12856
112 4483,24026
113 4995,7879
114 17397,17526
115 6563,10135
116 14913,24441
117 6108,8261
118 4100,12405
119 17036,22102
120 2467,15114
121 392,541,18598
122 586,18508
123 5110,7856
124 248,22174
125 1683,3378
126 17734,18379
127 11526,15071
128 10009,17726
129 216,1811
130 5291,21868
131 400,3478
132 631,3658
133 793,938
134 276,5407
135 3497,12111
136 2555,8649
137 1892,2316
138 5328,8429
139 541,5143
140 351,5666
141 276,22516
142 8018,16684
143 560,8320
144 2571,12952
145 3167,17187
146 8001,18428
147 2228,7216
148 249,2756
149 3755,22690
150 2237,14513
151 12284,21704
152 2783,19385
153 1192,14265
154 7966,12301
155 2095,15759
156 5492,6447
157 16600,18916
158 226,1675,5594
159 236,2682
160 4891,15373
161 7948,10153
162 84,2163
163 235,19993
164 915,16064
165 2831,21151
166 109,4560
167 3314,16024
168 307,4148
169 16,7648
170 5116,7202
171 752,7555
172 9517,14226
173 1113,12790
174 3606,24930
175 515,3688
176 779,19437
177 3478,8822
178 3513,6955
179 107,2173
180 2589,20171
181 21592,21946
182 321,552
183 4879,12478
184 1192,22891
185 413,11490
186 4915,23274
187 6263,20859
188 1594,9563
189 32,696
190 2470,20735
191 4217,8999
192 4981,7934
193 384,24789
194 2153,19240
195 2743,8089
196 824,6374
197 7962,12033
198 3,21552
199 6423,10725
200 2496,3620
201 5795,22020
202 5,2664
203 3016,8503
204 2784,3251
205 4359,16258
206 61,2663
207 6373,13137
208 786,6365
209 1473,13577
210 5655,22638
211 1831,7961
212 4728,8683
213 854,15414
214 376,2958
215 6611,8355
216 4887,6461
217 4886,12531
218 617,15974
219 5762,18846
220 56,10177
221 7878,10601
222 8594,10063
223 7375,13126
224 4422,13317
225 923,988
226 1353,2033
227 2837,3652
228 1687,10271
229 6984,15864
230 772,2405
231 1816,9360
232 2211,8223
233 8466,11036
234 19582,23644
235 842,18172
236 283,19139
237 511,1717
238 1118,3716
239 1192,9663
240 3401,11449
241 4144,9278
242 9955,19281
243 5507,18997
244 9987,23276
245 3515,5549
246 279,8250
247 8472,18551
248 145,11706
249 778,10697
250 1236,4876
251 2521,15075
252 1431,16226
253 3193,22149
254 14467,19109
255 5089,21080
256 4349,12303
257 663,7049
258 8053,9707
259 3311,11524
260 3722,21824
261 6170,19700
262 729,5453
263 426,3466
264 2998,12870
265 2198,22472
266 226,16776
267 8102,11500
268 1463,3179,5430
269 6696,18592
270 4,11577
271 8040,15371
272 3151,5411
273 6775,9598
274 11230,24843
275 263,18976
276 3333,3420
277 1279,18046
278 16257,19577
279 4764,5469
280 1411,21985
281 377,13655
282 473,2588
283 137,424
284 2042,3296
285 6355,6415
286 4494,6130
287 11941,22468
288 235,1233
289 10256,20548
290 2410,2645
291 2049,14949
292 2207,4769
293 247,826
294 8285,13575
295 2270,3415
296 9835,10450
297 358,13896,15648,15666
298 12909,15405
299 6615,9730
300 10918,16600
301 12308,15045
302 1066,4809
303 6388,18071
304 2605,11743
305 95,13654
306 2486,17375
307 5826,24720
308 4314,9685
309 7783,12955
310 4796,18566
311 7513,10062
312 1059,14093
313 3027,7698
314 2669,5348
315 703,1059
316 15336,20006
317 12205,14260
318 3334,8999
319 10091,22596
320 336,1531
321 9423,21899
322 1304,15846
323 671,4172
324 483,22146
325 3497,15042
326 1071,2147
327 48,5612
328 1928,3107
329 9737,23096
330 1423,8722
331 1904,3186
332 1225,6406
333 546,18141
334 16063,18403
335 143,4928
336 2005,12790
337 2074,5403
338 10628,16906
339 2059,4139
340 9744,16337
341 1985,9684
342 153,12175
343 2676,11524
344 9548,11187
345 8672,14235
346 2258,2380
347 1908,2118
348 833,4691
349 2361,10447
350 443,16947
351 3605,15114
352 247,4231
353 3,6494
354 2589,18951
355 5494,15992
356 610,3487
357 14686,15072
358 2009,8186
359 20,7959
360 5485,11742
361 1425,8147
362 3946,8448
363 17663,23896
364 651,7841,22816
365 14041,24566
366 10542,15117
367 6550,10256
368 14244,19678
369 705,10167
370 3119,20693
371 5965,15106
372 18195,22719
373 13564,16154
374 2694,19018
375 2101,12335
376 473,17746
377 1963,16831
378 2725,7732
379 5762,6906
380 1791,14491
381 107,5787
382 2932,5447
383 7320,12254
384 2598,10108
385 5353,10261
386 259,4838
387 3804,6944
388 5403,6326
389 573,5275
390 424,5570
391 9308,20344
392 4508,5986
393 10938,17718
394 1563,4302
395 12227,13753
396 9723,21080
397 17440,18858
398 2253,6326
399 6698,8698
400 5022,8449
401 13542,22928
402 19711,23850
403 17062,18534
404 9418,17353
405 745,5005
406 5610,14050
407 82,16032
408 285,572
409 812,2789
410 533,7813
411 3915,13577
412 11882,23386
413 12350,20095
414 1522,16171
415 3383,20654
416 6031,17526
417 3482,7935
418 131,6350
419 3534,13885
420 243,929
421 130,9787
422 13892,18970
423 2788,2917
424 4963,20013
425 6637,7878
426 594,21670
427 2850,3813
428 1656,18898
429 10699,20586
430 369,1428
431 10339,20670
432 6417,11029
433 3693,3962
434 11660,14702
435 1035,13959
436 3006,5903
437 431,1659
438 424,11581
439 4265,4542
440 9469,11643
441 783,14241
442 4246,19414
443 16016,20235
444 5242,7135
445 1008,18380
446 709,3604
447 230,4680
448 16499,18528
449 3710,9011
450 14944,15042
451 2233,15104
452 9645,17332
453 1217,14218
454 1072,1575
455 6855,8999
456 5710,18189
457 1522,2031
458 4293,22914
459 9818,16366
460 407,14529
461 6899,11922
462 145,10328
463 22251,23538
464 7181,9276
465 24,1398
466 8398,9496
467 4388,16348
468 1212,8626
469 10813,14806
470 13113,18037
471 247,19766
472 6201,8111
473 8341,8476
474 940,15541
475 4657,14168
476 10439,18793
477 5249,14089
478 5384,7214
479 1822,7261
480 6874,12953
481 395,1179
482 3666,9309
483 3773,6793
484 2651,8159
485 2920,21097
486 1485,2270
487 94,546,8360
488 1878,6622
489 3138,6538
490 453,22103
491 209,11800
492 1910,10775
493 3004,18652
494 481,7136
495 4680,6307
496 632,15100
497 13368,19705
498 11855,14904
499 499,1101
500 1229,3579
501 2855,17464
502 2384,23648
503 4256,6928
504 3411,3718
505 24229,25014
506 14720,23258
507 386,2145
508 8512,14146,14162
509 6808,21112
510 833,8472
511 4523,12214
512 2742,4880
513 6173,15097
514 12873,15408
515 4256,24967
516 3042,6480
517 3037,7268
518 8179,13918
519 4570,6723
520 8950,11162
521 12153,13150
522 894,1034
523 2618,15543
524 226,19841
525 3590,22491
526 2961,6519
527 531,4100
528 2211,3946
529 4843,6836
530 14842,20116
531 15666,22610
532 1364,2231
533 168,9133
534 597,5860
535 1173,1855
536 188,746
537 2016,21243
538 2590,21231
539 4992,22774
540 1755,12153
541 3333,9801
542 5361,19370
543 3227,9792
544 567,18916
545 6779,17746
546 8562,12370
547 455,9577
548 3045,3070
549 2623,3347
550 4428,19174
551 1736,18592
552 1831,16349
553 12153,16389
554 6294,16923
555 3109,14175
556 2948,22242
557 2487,8261
558 13902,23053
559 8110,17826
560 3284,14194
561 345,24608
562 743,14437
563 1908,20379
564 768,4798
565 2068,2962
566 826,16259
567 1194,8213
568 438,3858
569 807,14430
570 1066,15346
571 2135,2225
572 2638,17353
573 4032,13962
574 5002,5674
575 621,12372
576 1372,12658
577 2798,17967
578 1062,1479
579 16324,24915
580 193,4584
581 9244,23636
582 8189,8468
583 772,9908
584 141,1285
585 8089,13068,16534
586 124,8533
587 4988,5110
588 4076,10060
589 2423,5099
590 11183,14721
591 2158,9402
592 9745,14551
593 16635,17219
594 1626,19502
595 108,3201
596 3605,11786
597 283,1216
598 5174,6963
599 8595,8826
600 4175,14886
601 2032,2599
602 3437,4767
603 5028,10799
604 82,20181
605 1675,5745
606 8555,12591
607 1527,9126
608 2254,2401
609 2985,20327
610 3876,7694
611 3167,17585
612 1610,7830
613 5028,11958
614 2190,6428
615 865,9192
616 16329,19381
617 4774,11803
618 8033,17088
619 6277,8594
620 640,16810
621 1483,4128
622 8037,17854
623 2764,17811
624 14170,22816
625 190,3104
626 130,14848
627 1424,3395
628 16065,17340
629 2144,2321,7181
630 7111,8923
631 1597,16136
632 7201,17200
633 2478,11702
634 2454,6915
635 7677,11805
636 1895,13453
637 1059,4312
638 3734,8643
639 72,3660
640 41,21200
641 3016,5635
642 1121,10541
643 4771,15055
644 244,11836
645 168,1916
646 4344,22566
647 7112,13708
648 72,380
649 12254,13002
650 1285,3330
651 6263,20327
652 670,14833
653 464,541,8993
654 7990,16996
655 1579,8521
656 634,14996
657 1081,4757,9913
658 7835,10795
659 15253,22915
660 188,286
661 218,9833
662 266,15679
663 281,7656
664 5233,15625
665 6974,8675
666 8954,9564
667 982,10364
668 6213,12863
669 5130,7408
670 1830,5478
671 1348,9914
672 7923,12341
673 889,11871
674 789,4047
675 2825,20799
676 715,952
677 3557,17963
678 18102,20829
679 2208,15009
680 1618,6000
681 216,8865,21336
682 3620,5089
683 3559,5738
684 2127,12540
685 9472,17747
686 3832,13728
687 828,19030
688 590,3855
689 4291,6055,24769
690 856,15760
691 2770,10440
692 1522,17668
693 4307,4981
694 7552,13638
695 6197,9360
696 981,9195
697 1229,2615
698 1205,3826
699 194,15231
700 8454,17220
701 13024,24053
702 922,12016
703 1121,16188
704 1986,3655
705 304,1386
706 11071,24179
707 3758,13918
708 796,13615
709 4831,7601
710 5684,11718
711 5743,5769
712 1320,4096
713 1635,10914
714 1212,15488
715 5026,14750
716 3275,18370
717 1149,20829
718 260,3948
719 100,9994
720 3911,5120
721 143,7057
722 9310,16112
723 1230,3375
724 6554,7948
725 100,20040
726 4001,18376
727 2331,6919
728 951,3987
729 2748,7235
730 4620,6626
731 1748,2690
732 1271,14374
733 9430,21067
734 2662,8632
735 2305,2891
736 846,13593
737 1093,22101
738 4213,4905
739 50,1892
740 1719,12026
741 8506,17927
742 557,5762
743 1790,8303
744 794,10541
745 3831,5815
746 1106,1749
747 3830,5280
748 5,410
749 3975,11934
750 3894,10539
751 4815,16377
752 7185,8695
753 1353,7404
754 1551,2364
755 3497,8773
756 4460,9513
757 13291,16687
758 11882,21081
759 1822,6561
760 8111,24819
761 3336,23094
762 1839,9341
763 501,3346
764 5148,16680
765 258,18504
766 2345,2666
767 12012,16766
768 801,13428
769 899,23357
770 3482,10096
771 5750,15333
772 3547,9002
773 2898,20113
774 307,3349
775 1287,1810
776 14613,18365
777 2808,4745
778 3454,4359
779 5684,11290
780 5381,12335
781 2929,3314
782 10598,16248
783 2829,11122
784 1544,6027
785 2675,18621
786 132,20633
787 4349,8472
788 775,2138
789 10850,13449
790 12108,21797
791 4840,13832
792 1707,8394
793 13981,19869
794 5481,9380
795 1598,2727
796 9787,14199
797 3333,9865
798 1759,8166
799 52,22348
800 2521,23038
801 4214,14062
802 9719,20727
803 2758,14710
804 3871,5586
805 664,15404
806 7658,20286
807 6428,9995
808 7450,11617
809 645,5829
810 4672,11471
811 9297,14191
812 948,6550
813 3884,12066
814 2764,12700
815 7878,10593
816 2154,4527
817 369,15742
818 11365,22548
819 2959,9059
820 4186,10948
821 2862,25011
822 1626,16812
823 7708,14886
824 7161,10961
825 491,17830
826 1322,12892
827 3140,8377
828 1000,1986
829 3487,7667
830 19036,20057
831 5781,9649
832 4017,18193
833 43,2754
834 1471,17301
835 44,6353
836 852,7210
837 15973,22030
838 504,2164
839 216,24401
840 771,13948
841 3535,3542
842 12625,22814
843 16016,23303
844 2631,3926
845 1781,19440
846 3939,13425
847 2144,2648
848 3479,9496
849 7138,9781
850 5751,9254
851 3999,7963
852 503,11253
853 503,1292
854 762,1403
855 10127,18427
856 9599,12520
857 23,3544
858 2911,17553
859 5777,12033
860 4497,4649
861 4180,11129
862 9011,23390
863 703,6021
864 4417,14757
865 546,8874
866 938,3956
867 3311,19585
868 535,19171
869 2917,15515
870 107,18217
871 77,4759,6179,9300
872 5206,12046
873 2462,3829
874 560,18419
875 111,242
876 1789,3362,20131
877 18297,24835
878 3461,5785
879 2981,7134
880 4010,22978
881 705,3461
882 6161,17342
883 1814,15402
884 3063,6925
885 8285,18779
886 9024,16647
887 1963,6342
888 5151,5968
889 1719,6619
890 3496,7072
891 5804,13852
892 1372,5272
893 4076,5289
894 5990,6623
895 5386,19435
896 9379,12512
897 6043,19476
898 359,16415
899 3376,8315
900 517,1560,13233
901 4307,13425
902 2013,14183
903 295,15765
904 6607,7122
905 1055,2056
906 1740,4710
907 8228,14488
908 621,7057
909 988,2631
910 1611,18480
911 932,24171
912 942,1212
913 3285,3483
914 955,9809
915 4858,8981
916 786,4994
917 4047,12284
918 352,2020
919 308,20017
920 11783,21824
921 7750,7895
922 1610,6204
923 4382,4680
924 12304,18795
925 5313,10702
926 94,23053
927 3822,3961
928 10013,18050
929 8341,9391
930 1145,7165
931 13793,20944
932 13569,18408
933 17,7832
934 15700,18325
935 1159,22641
936 5430,24037
937 9084,22007
938 2471,7966
939 2140,6289
940 5996,24216
941 18974,19928
942 1569,6199
943 3556,12051
944 701,12009
945 6264,17740
946 8063,23285
947 3952,14364
948 15340,19995
949 9908,14833
950 463,3982
951 170,2933
952 3125,13688
953 1102,19528
954 392,10841
955 3181,5474
956 7380,14093
957 732,4097
958 6058,23260
959 3300,11572
960 8,17667
961 981,19476
962 235,9307
963 890,12137
964 7198,19971
965 9205,13805
966 2159,6518
967 6955,17351
968 1382,6341
969 2383,12660
970 4707,6705
971 3901,8051
972 1925,2922
973 12180,15624
974 3829,4746
975 2077,24271
976 15932,18554
977 640,20112
978 10632,14603
979 4550,24275
980 2144,5360
981 16778,17936
982 4539,5018
983 3890,6976
984 60,22664
985 4982,11818,12262
986 7265,18690
987 7897,8219
988 5664,10667
989 60,5972,6894
990 4928,7737
991 1928,6248
992 12934,14886
993 386,4349
994 11471,17518
995 1149,12392
996 1194,23398
997 10530,21937
998 2917,19768
999 1212,10843
1000 129,9577
