1 6428,9995
2 631,3658
3 793,938
4 5089,21080
5 3693,3962
6 1892,2316
7 705,3461
8 3311,11524
9 463,3982
10 541,5143
11 3884,12066
12 426,3466
13 3497,8773
14 3027,7698
15 4359,16258
16 1194,8213
17 1205,3826
18 1411,15082
19 2198,22472
20 3300,11572
21 1066,15346
22 5089,5160
23 8,6937
24 3497,15042
25 453,2866
26 3333,3420
27 9723,21080
28 1483,4128
29 771,13948
30 1522,2031
31 3120,13981
32 108,3201
33 260,3948
34 2631,3926
35 2144,2648
36 1287,1810
37 1230,3375
38 266,15679
39 2618,15543
40 407,6389
41 2808,4745
42 842,18172
43 3,6494
44 775,2138
45 107,2173
46 5485,11742
47 1598,2727
48 279,8250
49 455,9577
50 557,5762
