8 8595 1 1
13 110506 1 1
31 82102 1 2
14 26306 1 4
45 37336 0 4
1 150863 1 7
33 32204 1 7
49 200296 1 9
2 88486 1 11
2 133513 0 11
46 22782 1 11
16 32204 1 12
45 63689 0 12
4 302218 0 13
25 35805 1 13
10 28148 1 14
12 27208 1 14
7 8567 1 16
5 31128 1 17
21 99034 1 18
37 82102 1 18
25 25885 1 19
45 27208 1 19
14 43397 1 20
47 200296 1 21
48 33671 1 21
21 284136 1 22
2 29255 1 23
35 21553 1 24
41 234329 0 25
43 98724 1 25
26 8701 1 26
29 89186 1 26
43 34382 1 26
10 197453 1 27
21 161381 1 27
23 28148 1 27
26 150458 1 27
28 3439 1 27
35 23939 1 28
2 99843 1 29
28 103403 1 29
30 89177 1 29
14 135350 1 31
22 27208 1 31
24 60235 1 31
18 34510 1 32
22 31371 1 32
36 8782 1 32
7 33671 1 33
8 187260 1 33
8 90674 1 33
9 95823 0 33
20 82770 1 33
35 118080 1 33
36 95086 1 33
40 36984 1 33
5 20155 0 34
31 79431 1 34
2 28377 1 35
27 29598 1 35
48 30081 0 35
10 22782 1 37
13 106627 1 37
37 19724 1 37
38 33671 1 37
41 10096 1 37
4 89207 1 38
14 38298 1 38
32 211485 1 38
41 32204 1 38
47 101104 1 38
1 111778 0 39
34 39087 1 39
38 63689 1 39
41 34499 0 39
9 82102 1 40
18 27208 1 40
23 43023 1 40
46 63689 1 40
49 17225 1 40
21 22782 1 41
30 19710 1 41
34 84957 1 41
15 77397 0 42
19 39087 1 42
44 67256 1 42
6 49387 1 43
