6428 33671 1 9
6428 200296 1 23
6428 89207 1 3
6428 63689 1 39
6428 69173 1 5
9995 68955 1 21
9995 33671 1 37
9995 63689 1 13
631 90674 1 24
631 98724 1 31
631 27208 1 40
631 34510 1 25
3658 27208 1 1
3658 28377 1 18
3658 34510 1 32
3658 5170 1 13
793 63689 1 15
793 116849 1 12
793 200296 1 9
793 17225 1 40
938 27208 1 13
938 37336 1 40
938 25885 1 0
938 200296 1 5
938 17225 1 14
5089 33919 1 25
5089 32204 1 7
21080 39087 1 8
21080 32204 1 5
3693 106627 1 39
3693 39087 1 25
3693 150863 1 31
3693 20155 0 34
3693 95068 1 29
3693 31128 1 12
3693 110506 1 21
3962 31128 1 17
3962 20155 1 1
1892 16884 1 10
1892 29598 1 4
1892 43023 1 22
1892 63689 1 21
1892 95086 1 38
1892 35805 1 35
1892 64435 1 0
1892 107997 1 26
1892 89207 1 24
1892 53914 1 28
2316 8701 1 0
2316 8782 1 5
2316 20155 1 11
2316 39087 1 13
2316 81211 1 35
2316 29598 1 35
2316 78814 1 23
2316 104086 1 21
705 22782 1 33
705 19724 1 33
705 37336 1 32
705 82102 1 18
705 36984 1 11
3461 68955 1 32
3461 49387 1 37
3461 78814 1 15
3461 19724 1 37
3461 82102 1 13
3311 68955 1 30
3311 26306 1 35
3311 32204 0 15
3311 150863 1 12
3311 104086 1 14
3311 19724 1 33
3311 63689 1 43
3311 39087 1 19
3311 67256 1 40
3311 33671 1 35
3311 8701 1 6
3311 99476 1 2
3311 27208 1 14
3311 89207 1 1
3311 19710 1 27
3311 53914 1 27
3311 38298 1 8
11524 33919 1 31
11524 27208 1 8
463 103403 1 26
463 89207 1 38
463 302218 0 13
463 89186 1 8
463 8782 1 43
463 110506 1 39
463 33919 0 35
463 87085 1 7
463 31371 1 13
463 69173 1 1
463 116849 1 5
3982 302218 1 4
3982 60235 1 5
3982 78814 1 12
3982 35805 1 34
3982 36984 1 20
3982 89207 1 17
541 22782 1 3
541 31128 1 12
541 63689 1 19
541 95823 1 32
541 106627 1 30
541 34382 1 21
541 95086 1 5
541 64435 1 2
541 8595 1 10
541 99476 1 31
541 37336 1 4
541 67256 1 34
541 89207 1 33
541 69173 1 18
541 33671 1 39
541 32204 0 19
5143 82102 1 27
5143 79308 1 2
3884 103403 1 19
3884 3439 1 0
3884 107997 1 41
3884 28377 1 33
3884 31128 1 27
12066 103403 1 29
12066 77397 1 19
12066 26306 0 25
12066 43023 1 13
12066 32204 1 17
12066 87782 1 24
12066 27208 1 12
12066 25885 1 8
12066 3439 1 27
426 211485 1 38
426 239850 1 18
426 200296 1 19
426 69173 1 38
426 284136 1 17
3466 116849 1 20
3466 16884 1 30
3466 99476 1 29
3466 211485 1 25
3466 49387 1 11
3466 67256 1 12
3497 98724 1 25
3497 28148 1 32
3497 16884 1 5
3497 68955 1 8
3497 78814 0 40
3497 77397 1 4
3497 37336 1 7
3497 39087 1 18
3497 63689 1 9
3497 34382 1 26
3497 95823 1 11
3497 22782 1 11
3497 211485 1 28
3497 67256 1 25
8773 34382 1 25
8773 98724 1 14
3027 27208 1 19
3027 16884 1 38
3027 78814 1 22
3027 37336 1 1
3027 63689 1 10
3027 69173 1 34
3027 99476 1 41
7698 27208 1 4
7698 63689 0 12
7698 43023 1 43
7698 37336 0 4
4359 35805 1 5
4359 27208 1 12
4359 82102 1 17
4359 25885 1 15
4359 33671 1 13
4359 99476 1 13
4359 87782 1 42
16258 35805 1 13
16258 25885 1 19
1194 95823 0 33
1194 63689 1 40
1194 89177 1 9
1194 82102 1 40
1194 53914 1 16
8213 82102 1 9
8213 95823 1 30
8213 39087 1 35
1205 49387 1 43
3826 68955 0 22
3826 49387 1 15
3826 29598 0 8
1411 27208 1 42
1411 22782 0 12
1411 68955 1 6
1411 87782 0 13
1411 49172 0 15
1411 33671 1 10
1411 101104 1 0
1411 39087 1 4
1411 89207 1 3
1411 28377 1 2
1411 78814 0 1
1411 67256 1 8
1411 82102 1 33
1411 77397 1 12
1411 26306 1 20
1411 8701 1 33
1411 28148 0 3
1411 25885 0 19
1411 15072 0 5
1411 69173 1 28
1411 200296 1 10
1411 106627 1 17
1411 27520 1 16
1411 107997 0 17
1411 37423 0 40
1411 31371 1 13
1411 99476 1 10
15082 104086 1 33
15082 33919 1 17
15082 110506 1 24
15082 200296 1 21
15082 63689 1 17
15082 101104 1 38
15082 132546 1 7
2198 39087 1 31
2198 8782 1 5
2198 26306 1 23
2198 27208 1 7
2198 53914 1 10
2198 22782 1 12
2198 200296 1 40
2198 20155 1 6
2198 104086 1 10
2198 82770 1 33
2198 29598 1 25
22472 116849 1 24
22472 82770 1 0
3300 111778 0 39
3300 39087 1 4
3300 3470 1 36
3300 29598 1 14
3300 22782 1 37
3300 32204 0 38
3300 33671 1 8
3300 5170 1 11
3300 13546 0 23
3300 16884 1 13
3300 150863 1 7
11572 150863 1 2
11572 111778 1 26
11572 82102 1 21
1066 22782 1 37
1066 27520 1 36
1066 8782 1 0
1066 34510 1 32
1066 34382 1 18
1066 16884 1 43
1066 8701 1 32
1066 82102 1 12
1066 101104 1 26
1066 53914 1 24
1066 107997 1 19
1066 39087 1 25
1066 33919 1 11
15346 137364 1 20
5160 107997 1 21
5160 33671 1 14
5160 35805 1 18
5160 25885 1 0
5160 49387 1 21
5160 32204 1 12
5160 31128 1 39
8 77397 1 22
8 8782 1 28
8 68955 1 14
8 67256 1 34
8 15072 1 28
8 110506 1 2
8 25885 1 34
8 150458 1 0
8 8701 1 10
8 150863 1 11
6937 49387 1 11
6937 33919 1 18
6937 150458 1 27
6937 8701 1 26
6937 39087 1 39
15042 22782 1 5
15042 63689 1 40
15042 27208 1 38
453 27208 1 12
453 33919 1 16
453 68955 1 40
453 78814 1 2
453 87782 1 10
453 29598 1 24
453 99476 1 13
453 77397 1 15
453 39087 1 3
453 53914 1 39
453 29002 1 27
453 26306 1 17
453 15072 1 33
453 89207 1 25
453 87085 1 4
453 33671 1 13
453 5170 1 40
453 22782 1 41
453 82102 1 10
453 3470 1 17
453 107997 1 30
453 95068 1 23
453 29255 1 23
453 20155 1 30
453 63689 1 5
453 28148 1 18
453 67256 1 18
453 16884 1 10
453 133513 1 11
453 49387 1 5
453 103403 1 32
453 27520 1 31
453 38298 1 30
453 8701 1 9
453 200296 1 10
453 43397 1 6
453 150458 1 2
453 41169 1 17
453 106627 1 13
453 116849 1 12
453 49172 0 9
453 19724 1 35
453 104086 1 16
453 13546 1 35
453 69173 1 2
453 31128 1 43
453 99843 1 29
453 88486 1 11
453 90674 1 7
453 30081 1 35
453 150863 1 1
453 132546 1 27
453 126673 1 1
453 89177 1 25
453 8782 1 6
453 28377 1 35
453 8595 1 30
453 211485 1 30
453 197453 1 4
453 34510 1 20
453 17225 1 5
453 10096 1 21
453 37336 1 8
453 95823 1 6
453 36984 1 6
453 79308 1 35
453 79431 1 29
453 95086 1 27
453 81211 1 18
453 84957 1 5
453 187260 1 26
2866 88486 1 5
2866 29255 1 8
2866 28377 1 4
2866 133513 0 3
2866 99843 1 27
3333 34499 1 22
3333 53914 1 23
3333 33919 1 41
3333 3470 1 16
3333 87782 1 5
3333 82102 1 4
3333 69173 1 24
3420 99476 1 39
9723 39087 1 42
9723 26306 1 3
1483 53914 1 6
1483 15072 1 38
1483 23939 1 25
1483 89186 1 41
1483 33919 1 2
1483 28148 1 10
1483 49172 1 41
1483 77397 1 29
1483 101104 1 4
1483 116849 1 39
1483 118080 1 33
1483 13546 1 29
1483 5170 1 19
1483 21553 1 5
1483 89207 1 19
1483 28377 1 39
1483 49387 1 40
1483 135350 1 3
1483 25885 1 41
1483 38298 1 12
4128 22782 1 38
4128 118080 1 13
4128 26306 1 21
4128 23939 1 28
4128 21553 1 24
4128 87782 1 13
4128 32204 1 29
4128 8701 1 14
771 37336 1 40
771 30081 1 39
771 89186 1 2
13948 89186 1 26
1522 29002 1 36
1522 60235 1 31
1522 34499 1 5
1522 33919 1 29
1522 53914 0 6
1522 126673 1 0
1522 28148 1 15
2031 19710 1 6
2031 82102 1 29
2031 27208 1 32
2031 33671 1 18
2031 69173 1 35
2031 60235 1 8
2031 89207 1 27
2031 67256 1 0
3120 187260 1 23
3120 28148 1 6
3120 77397 1 7
3120 89177 1 30
3120 43023 1 40
3120 32204 1 36
3120 110506 1 36
3120 82102 1 19
3120 99034 1 18
13981 22782 0 9
13981 69173 1 24
13981 43023 1 2
13981 26306 1 0
13981 95823 1 8
13981 28148 1 27
13981 8701 1 19
108 35805 1 14
108 135350 1 22
108 82770 1 24
108 38298 1 5
108 77397 1 42
108 43397 1 13
108 150863 1 13
108 26306 1 4
3201 20155 1 10
3201 33919 1 41
3201 43397 1 20
3201 53914 1 33
3201 37423 1 0
3201 68955 1 23
3201 38298 1 38
3201 135350 1 31
3201 26306 1 4
260 19710 1 38
260 98724 1 36
260 37336 1 41
260 27208 1 11
260 34499 1 37
260 33919 1 40
260 137364 1 38
260 41169 1 0
260 36984 1 33
260 31371 1 17
260 78814 0 11
260 33671 1 37
260 5170 1 30
3948 36984 1 6
3948 95068 1 4
2631 84957 1 43
2631 132546 1 11
2631 187260 1 11
2631 34499 1 27
2631 67256 1 26
2631 22782 1 10
2631 69173 1 11
2631 116849 1 10
2631 30081 1 36
2631 8595 1 1
2631 8701 1 15
2631 19710 1 21
2631 89207 1 16
2631 90674 1 16
2631 34382 1 29
3926 68955 1 33
3926 36984 1 31
3926 49387 1 38
3926 187260 1 33
3926 8595 1 1
3926 90674 1 33
3926 39087 1 18
2144 68955 1 23
2144 25885 1 1
2144 104086 1 19
2144 87782 1 26
2144 30081 1 35
2144 99034 1 26
2144 33671 1 10
2144 32204 0 20
2648 33671 1 21
2648 43023 0 18
2648 30081 0 32
1287 19710 1 1
1287 60235 1 17
1287 89177 1 7
1287 89207 1 30
1287 25885 0 33
1287 36984 1 43
1287 132546 1 34
1287 37336 1 19
1810 89177 1 29
1810 19710 1 41
1230 8782 1 31
1230 8701 1 3
1230 82770 1 2
1230 95086 1 33
1230 69173 1 43
1230 64435 1 33
3375 32204 1 1
3375 67256 1 19
3375 33671 1 25
3375 79308 1 4
3375 3470 1 19
3375 150863 1 39
3375 8782 1 32
3375 29598 1 34
3375 95086 1 22
3375 99843 1 8
3375 27520 1 20
266 33671 1 16
266 8567 1 16
266 15072 0 21
266 106627 1 0
15679 8567 1 12
15679 33671 1 33
2618 99476 1 30
2618 30081 0 3
2618 110506 1 20
2618 95823 1 25
2618 32204 1 12
15543 38298 1 13
407 69173 1 43
6389 200296 1 18
6389 41169 1 29
6389 69173 1 11
2808 95068 1 27
2808 84957 1 3
2808 90674 1 21
2808 22782 1 24
2808 28148 1 17
2808 53914 1 22
2808 19724 1 31
2808 135350 1 8
2808 39087 1 36
2808 13546 1 36
4745 34499 1 39
4745 39087 1 39
4745 43023 1 22
4745 84957 1 41
4745 20155 1 37
4745 234329 1 9
842 8782 1 3
842 64435 1 7
842 78814 1 23
18172 81211 1 18
18172 68955 1 8
18172 8701 1 22
3 67256 1 10
3 28148 1 20
3 78814 1 31
3 39087 1 13
3 132546 1 39
3 49387 1 40
3 69173 1 15
3 34499 1 4
3 87782 1 1
3 8701 1 33
3 13546 1 32
3 99476 1 22
3 106627 1 33
3 95086 1 21
3 90674 1 23
3 133513 1 32
3 33919 1 15
3 110506 1 1
3 38298 1 37
3 82102 1 34
3 30081 1 28
3 87085 1 25
3 63689 1 18
3 104086 1 31
3 88486 1 0
3 81211 1 30
6494 26306 1 9
6494 110506 1 0
6494 106627 1 37
775 10096 1 37
775 43023 1 18
775 103403 1 9
775 32204 1 38
775 22782 0 17
775 39087 1 40
775 87782 1 42
775 107997 1 37
775 17225 1 8
775 33671 1 20
775 81211 1 17
775 16884 1 29
775 234329 1 25
775 53914 1 12
775 135350 1 19
775 77397 1 11
775 23939 0 36
775 36984 1 1
775 99476 1 1
775 34499 0 33
2138 34499 1 39
2138 29002 1 1
2138 25885 1 13
2138 32204 1 26
2138 234329 0 21
2138 10096 1 25
107 87782 1 35
107 111778 1 36
107 34382 1 5
107 27208 1 15
107 87085 1 21
107 8595 1 35
107 28148 1 14
107 197453 1 22
107 69173 1 34
107 82102 1 41
107 78814 1 7
107 200296 1 12
107 22782 1 14
107 132546 1 11
2173 15072 0 24
2173 28148 1 14
2173 197453 1 27
2173 68955 1 9
2173 22782 1 37
5485 31371 1 32
5485 27208 1 31
5485 33919 1 29
5485 150458 1 17
5485 89177 1 24
11742 31371 1 6
11742 27208 1 27
11742 16884 1 28
1598 69173 1 18
1598 126673 1 25
1598 82102 1 2
1598 19710 1 14
1598 79431 1 34
1598 53914 1 15
2727 82102 1 1
2727 37336 1 29
2727 13546 1 7
2727 33671 1 21
2727 118080 1 23
2727 77397 1 26
2727 78814 1 22
2727 67256 1 22
2727 200296 1 30
2727 90674 1 37
2727 79431 1 30
2727 15072 1 35
279 37336 1 25
279 82102 1 33
279 34382 1 2
279 33919 1 36
279 17225 1 32
279 69173 1 11
279 25885 0 25
279 200296 1 25
279 49387 1 18
279 90674 1 40
279 3470 1 19
279 43023 1 14
279 53914 1 6
279 36984 1 9
279 31128 1 3
279 87085 1 31
279 32204 1 43
279 79431 1 41
279 67256 1 42
279 8782 1 24
8250 15072 1 5
8250 67256 1 25
455 22782 1 41
455 161381 1 27
455 87782 1 28
455 69173 1 8
455 77397 1 33
455 284136 1 17
455 28377 1 24
455 99034 1 18
9577 8701 1 23
9577 39087 1 3
9577 284136 1 22
9577 161381 1 12
9577 22782 1 39
9577 99034 1 10
557 95068 1 42
557 28148 1 7
557 33919 1 20
557 38298 1 35
557 101104 1 27
557 29598 1 16
557 39087 1 25
557 8701 1 6
557 77397 0 42
557 87085 1 34
557 22782 1 16
557 34382 1 16
557 106627 1 3
557 43023 1 2
557 32204 1 18
557 19724 1 40
557 23939 0 3
5762 77397 1 12
5762 103403 1 39
