63 200012522 1 20020326
63 200017002 1 20020630
118 200029679 1 20020725
63 200032420 1 20020728
490 200029679 1 20021210
490 200004571 1 20030126
295 200047797 1 20030208
295 200027208 1 20030210
357 200035889 1 20030301
100 200028768 1 20030313
357 200029598 1 20030406
295 200027733 1 20030412
415 200017181 1 20030521
123 200022782 1 20030529
328 200016531 1 20030708
100 200008701 1 20030723
123 200027208 1 20030805
417 200041149 1 20030830
100 200018872 1 20030910
328 200025885 1 20030915
328 200027208 1 20031003
348 200072990 1 20040121
417 200028165 1 20040124
415 200017524 1 20040127
439 200039900 1 20040217
348 200031564 1 20040218
100 200027881 1 20040303
179 200063689 1 20040309
426 200039087 1 20040313
495 200016531 1 20040326
279 200026257 1 20040411
129 200029493 1 20040412
179 200039900 1 20040426
236 200088794 1 20040510
347 200052999 1 20040530
417 200050733 0 20040531
24 200037139 1 20040602
351 200056373 1 20040709
118 200022782 1 20040718
118 200027208 1 20040718
111 200031040 1 20040725
123 200055227 1 20040806
19 200071480 1 20040811
236 200004178 1 20040920
482 200027208 1 20041025
450 200024088 1 20041027
261 200027208 1 20041101
474 200068955 1 20041114
417 200026257 1 20041121
194 200100101 1 20041124
236 200092072 1 20041129
426 200046877 1 20041206
240 200027208 1 20041216
19 200034382 1 20041219
397 200052035 1 20041221
125 200045940 1 20041224
151 200048537 1 20041225
129 200032734 1 20050104
397 200074048 1 20050111
347 200092923 1 20050112
245 200026845 1 20050113
348 200095222 1 20050114
417 200041593 1 20050115
194 200100474 1 20050116
192 200024019 1 20050117
305 200095222 1 20050119
19 200081211 1 20050122
417 200000931 1 20050213
469 200027208 1 20050225
434 200017722 1 20050226
6 200037423 1 20050227
347 200018762 1 20050302
240 200078814 1 20050306
482 200078814 1 20050306
60 200054269 1 20050317
19 200050973 1 20050322
19 200113384 1 20050331
357 200010481 1 20050403
263 200005031 1 20050404
194 200044849 1 20050405
129 200057549 1 20050410
408 200016371 1 20050410
19 200045462 1 20050418
12 200098724 1 20050420
206 200012619 1 20050420
263 200044835 1 20050420
115 200068955 1 20050423
495 200068955 1 20050423
495 200058213 1 20050424
350 200119319 1 20050429
347 200059083 1 20050506
102 200069217 1 20050511
347 200012436 1 20050511
347 200067949 1 20050512
432 200026257 1 20050525
40 200008794 1 20050604
206 200044833 1 20050607
481 200025885 1 20050615
299 200095222 1 20050616
261 200033170 1 20050622
129 200037625 1 20050630
331 200028662 1 20050704
490 200026257 1 20050706
384 200054351 1 20050723
4 200078814 1 20050730
4 200068955 1 20050817
4 200081211 1 20050817
450 200093591 1 20050821
299 200029939 1 20050825
290 200068955 1 20050826
427 200031371 1 20050905
53 200091661 1 20050909
69 200038389 1 20050909
328 200057763 1 20050910
53 200134987 1 20050911
48 200116195 1 20050914
417 200084613 1 20050914
95 200053914 1 20050916
192 200055768 1 20050918
69 200015509 1 20050922
350 200067949 1 20050922
76 200022782 1 20050925
53 200121930 1 20051003
206 200038618 1 20051006
255 200005031 1 20051013
69 200037413 1 20051026
483 200018816 1 20051026
321 200138317 1 20051031
206 200027208 1 20051101
53 200134872 1 20051106
151 200142464 1 20051108
459 200054351 1 20051108
94 200132155 1 20051110
53 200113234 1 20051115
53 200135053 1 20051120
432 200101104 1 20051127
6 200038298 1 20051202
469 200111776 1 20051206
347 200087782 1 20051208
161 200023143 1 20051209
48 200107997 1 20051212
464 200052358 1 20051214
85 200046877 1 20051221
151 200051231 1 20051221
456 200008782 1 20051222
350 200113483 1 20060101
219 200078814 1 20060106
347 200021761 1 20060106
228 200138311 1 20060108
19 200150380 1 20060111
24 200109552 1 20060111
347 200083561 1 20060114
85 200064015 1 20060115
299 200027208 1 20060116
151 200022298 1 20060119
98 200015654 1 20060120
328 200053499 1 20060121
53 200120344 1 20060122
330 200035065 1 20060124
19 200087085 1 20060128
69 200040004 1 20060128
373 200108248 1 20060207
285 200059056 1 20060211
85 200025885 1 20060215
439 200017181 1 20060215
219 200028165 1 20060227
261 200042780 1 20060228
255 200053914 1 20060303
321 200077397 1 20060304
420 200073488 1 20060305
247 200055936 1 20060306
85 200099210 1 20060311
323 200111777 1 20060318
206 200026297 1 20060321
64 200030667 1 20060322
319 200053914 1 20060322
470 200077397 1 20060329
190 200044007 1 20060331
220 200018693 1 20060405
456 200140846 1 20060411
456 200061791 1 20060427
94 200086207 1 20060508
94 200088046 1 20060508
161 200077397 1 20060516
48 200041992 1 20060520
475 200061985 1 20060529
496 200046059 1 20060609
203 200140568 1 20060612
299 200019666 1 20060618
307 200158832 1 20060618
319 200063477 1 20060620
373 200024618 1 20060622
463 200172701 1 20060623
471 200110937 1 20060626
203 200092523 1 20060627
463 200164137 1 20060627
85 200157241 1 20060628
439 200086317 1 20060628
395 200103152 1 20060705
293 200104975 1 20060706
151 200018816 1 20060707
6 200043397 1 20060711
53 200135390 1 20060712
422 200138173 1 20060714
463 200170022 1 20060715
53 200168992 1 20060720
463 200170042 1 20060720
417 200073844 1 20060805
88 200025885 1 20060813
132 200178856 0 20060815
284 200056652 1 20060822
258 200027144 1 20060828
323 200030081 1 20060828
280 200072608 1 20060829
465 200052172 1 20060904
191 200015411 1 20060906
203 200051631 1 20060910
426 200032844 1 20060910
15 200027208 0 20060914
408 200050535 1 20060914
200 200095222 1 20060918
471 200027208 1 20060918
136 200000749 1 20060922
34 200086753 1 20060924
115 200078814 1 20060924
164 200089204 1 20060925
339 200077397 1 20060927
34 200087782 1 20060928
79 200083205 1 20061003
111 200022782 1 20061004
432 200031083 1 20061007
414 200071348 1 20061008
424 200090502 1 20061015
222 200057919 1 20061016
247 200105670 1 20061016
12 200016884 1 20061018
419 200190082 1 20061018
123 200079275 1 20061024
85 200080118 1 20061025
420 200016371 1 20061025
330 200136589 1 20061028
48 200083475 1 20061029
177 200022782 1 20061029
206 200049929 1 20061029
216 200022782 1 20061029
151 200066543 1 20061031
341 200057130 1 20061101
347 200129996 1 20061101
279 200051209 1 20061103
212 200078814 1 20061104
79 200104354 1 20061105
79 200066488 1 20061107
261 200179881 1 20061114
164 200022782 1 20061117
206 200021257 1 20061123
486 200030946 1 20061123
439 200031078 1 20061127
129 200056366 1 20061205
182 200029544 1 20061205
231 200022782 1 20061211
123 200048463 1 20061212
470 200120467 1 20061212
111 200137262 1 20061214
96 200029968 1 20061215
50 200087782 1 20061216
85 200137253 1 20061216
347 200038045 1 20061223
468 200141789 1 20061223
60 200015416 1 20061225
417 200017348 1 20061226
43 200063689 1 20061227
373 200052035 1 20061227
285 200063689 1 20061228
266 200052488 1 20070102
433 200026306 1 20070102
216 200032844 1 20070104
433 200027208 1 20070105
476 200031562 1 20070107
172 200037336 1 20070108
172 200077397 1 20070108
381 200067949 1 20070109
50 200083561 1 20070115
347 200026257 1 20070116
74 200053914 1 20070119
307 200077397 1 20070120
427 200033170 1 20070121
161 200033919 1 20070124
179 200033919 1 20070124
460 200036797 1 20070125
335 200056694 1 20070127
100 200039087 1 20070128
365 200029598 1 20070128
247 200066596 1 20070201
55 200056103 1 20070202
373 200077397 1 20070202
191 200087354 1 20070205
326 200039087 1 20070206
422 200031710 1 20070207
53 200195843 1 20070208
174 200039840 1 20070209
347 200033671 1 20070210
141 200095222 1 20070211
408 200095222 1 20070213
365 200098934 1 20070214
2 200187260 1 20070215
53 200206892 1 20070215
217 200074730 1 20070216
486 200016887 1 20070216
415 200025087 1 20070218
117 200016371 1 20070226
172 200047326 1 20070226
115 200042780 1 20070301
399 200138528 1 20070302
216 200066596 1 20070304
182 200064435 1 20070308
206 200062542 1 20070313
20 200063689 1 20070317
163 200034886 1 20070318
303 200069089 1 20070321
257 200094528 1 20070325
179 200010744 1 20070326
257 200009327 1 20070326
180 200026306 1 20070327
108 200077397 0 20070329
406 200118373 1 20070329
408 200150987 1 20070329
276 200043509 1 20070330
222 200015072 1 20070401
314 200022782 1 20070401
420 200123588 1 20070401
117 200118821 1 20070403
24 200087782 1 20070405
129 200087782 1 20070405
459 200011860 1 20070405
19 200050937 1 20070406
15 200022462 1 20070407
68 200082594 1 20070407
206 200083561 1 20070408
332 200083561 1 20070408
454 200037199 1 20070408
88 200067733 1 20070409
170 200055768 1 20070410
200 200134655 1 20070413
167 200034569 1 20070415
96 200013745 1 20070419
234 200095222 1 20070420
258 200030779 1 20070420
336 200087782 1 20070422
266 200068955 0 20070423
184 200061946 1 20070424
436 200064015 1 20070424
450 200027999 1 20070424
132 200168370 1 20070425
347 200064648 1 20070427
303 200048760 1 20070501
350 200063909 1 20070501
341 200071557 1 20070503
167 200076470 1 20070504
302 200098724 1 20070505
365 200053914 1 20070505
307 200027208 0 20070506
95 200139555 1 20070509
302 200069173 1 20070509
350 200072801 1 20070509
352 200063786 1 20070509
131 200024871 1 20070510
350 200010808 1 20070510
320 200039087 1 20070511
217 200090674 1 20070514
406 200028148 1 20070516
190 200081048 1 20070517
269 200028148 1 20070518
224 200112702 1 20070520
350 200040340 1 20070521
266 200029679 1 20070522
351 200110506 1 20070522
132 200186299 1 20070525
299 200213191 1 20070526
67 200111777 1 20070528
350 200099709 1 20070528
77 200033170 1 20070529
197 200028148 1 20070530
299 200051751 1 20070530
347 200012210 1 20070531
347 200016859 1 20070531
403 200032204 1 20070604
50 200069240 1 20070605
212 200025885 0 20070605
300 200082102 1 20070605
325 200152772 1 20070605
391 200043072 1 20070606
468 200087748 0 20070606
498 200087085 1 20070606
108 200067256 1 20070608
7 200005170 1 20070611
417 200015478 1 20070612
483 200051306 1 20070612
463 200190450 1 20070614
34 200152441 1 20070617
105 200187362 1 20070620
170 200021768 1 20070620
184 200068955 1 20070620
467 200068955 1 20070620
59 200039087 1 20070621
178 200018816 1 20070621
109 200025885 1 20070625
322 200013467 1 20070625
325 200163154 1 20070626
109 200033170 1 20070627
498 200066294 1 20070627
53 200170186 1 20070628
83 200135201 1 20070628
30 200219820 1 20070629
141 200074301 1 20070629
337 200005170 1 20070701
322 200033671 1 20070706
322 200098345 1 20070707
325 200227752 1 20070708
132 200058058 1 20070709
291 200022698 1 20070710
414 200034881 1 20070711
412 200082102 1 20070712
450 200076491 1 20070712
12 200034382 1 20070713
322 200025885 1 20070714
34 200145256 1 20070715
184 200028165 1 20070715
132 200057936 1 20070716
261 200018914 1 20070717
131 200145573 1 20070718
326 200015865 1 20070718
419 200022910 1 20070723
152 200043826 1 20070724
463 200226218 1 20070724
460 200095534 1 20070729
190 200021171 1 20070801
109 200015072 1 20070806
350 200152742 1 20070806
381 200084491 1 20070807
345 200076491 1 20070808
309 200222273 1 20070810
381 200029598 1 20070812
417 200096485 1 20070813
190 200053508 1 20070814
334 200064138 1 20070815
34 200125618 1 20070816
85 200073754 1 20070816
291 200122412 1 20070818
62 200243303 1 20070824
305 200044587 1 20070825
103 200028148 1 20070828
288 200027208 1 20070828
229 200104215 1 20070830
439 200039087 1 20070901
412 200043509 1 20070903
350 200130464 1 20070904
55 200109423 1 20070906
27 200069173 1 20070907
180 200005170 1 20070907
309 200028148 1 20070907
353 200100898 1 20070907
224 200150384 1 20070909
300 200063689 1 20070910
379 200064149 1 20070910
379 200090739 1 20070910
224 200087085 1 20070911
55 200031371 1 20070912
321 200092016 1 20070912
223 200044888 1 20070913
186 200025885 1 20070915
317 200028148 1 20070915
321 200103679 1 20070918
314 200089204 1 20070920
344 200077397 1 20070923
459 200009272 1 20070924
284 200089204 1 20070925
195 200027208 1 20070926
454 200027208 1 20070926
231 200043908 1 20070927
468 200103966 1 20070927
332 200038641 1 20070929
112 200069214 1 20071001
234 200039087 1 20071001
242 200073754 1 20071001
280 200002886 1 20071001
344 200099570 1 20071001
10 200022782 1 20071009
310 200182163 1 20071009
208 200026217 1 20071010
355 200069173 1 20071010
419 200182534 1 20071010
322 200065266 1 20071011
461 200046267 1 20071014
59 200027208 1 20071015
223 200025601 1 20071015
368 200133699 1 20071015
368 200000860 0 20071016
208 200014911 0 20071017
314 200095569 1 20071017
395 200233830 1 20071017
434 200106627 1 20071017
136 200099709 1 20071018
117 200050453 1 20071019
152 200069191 1 20071019
305 200047354 1 20071019
476 200017126 1 20071019
84 200027208 1 20071020
84 200029679 1 20071022
281 200077300 1 20071023
288 200025730 1 20071023
291 200033573 1 20071024
275 200073107 1 20071025
433 200161522 1 20071025
217 200047911 1 20071027
149 200067256 1 20071028
381 200056103 1 20071029
446 200039618 1 20071029
345 200027208 1 20071030
303 200089177 1 20071101
436 200031750 1 20071102
105 200194079 1 20071104
397 200078814 1 20071105
139 200037336 1 20071108
43 200117317 1 20071110
476 200111212 1 20071111
143 200077397 1 20071113
257 200126960 1 20071114
317 200017776 1 20071115
154 200000346 1 20071117
230 200050144 1 20071117
242 200063689 1 20071117
177 200048760 1 20071120
53 200197048 1 20071124
60 200146944 1 20071124
300 200073033 1 20071124
381 200200296 1 20071124
166 200060350 1 20071125
417 200047488 1 20071125
132 200207872 1 20071126
233 200008763 1 20071126
461 200009494 1 20071128
224 200069372 1 20071129
217 200011155 1 20071130
93 200099476 1 20071201
241 200065340 1 20071202
200 200036784 1 20071203
230 200125633 1 20071203
16 200067256 1 20071204
381 200106627 1 20071206
95 200050144 1 20071207
220 200050144 1 20071207
229 200028165 1 20071208
162 200125399 1 20071211
30 200243430 1 20071214
352 200030021 1 20071214
81 200020048 1 20071215
132 200020145 1 20071215
335 200043703 1 20071215
175 200025885 1 20071216
339 200014906 1 20071217
379 200068955 1 20071217
456 200059289 1 20071217
314 200066596 1 20071218
322 200014872 1 20071218
230 200082102 1 20071219
344 200028148 1 20071219
184 200026138 1 20071220
233 200027208 1 20071221
57 200078814 1 20071223
116 200187260 1 20071223
141 200035889 1 20071225
184 200011266 1 20071225
211 200069173 1 20071226
408 200064015 1 20071226
378 200146427 1 20071227
93 200025885 1 20071228
308 200036427 1 20071230
322 200048532 1 20071230
57 200022782 1 20071231
29 200010744 1 20080101
103 200008701 1 20080101
167 200052035 1 20080101
381 200010744 1 20080101
474 200078814 1 20080101
10 200118080 1 20080102
31 200055170 1 20080103
246 200053914 0 20080104
84 200082102 1 20080105
131 200025885 1 20080105
261 200193205 1 20080105
278 200023687 1 20080105
435 200032147 1 20080106
129 200025885 1 20080107
303 200110505 1 20080107
400 200077397 1 20080107
39 200186785 1 20080108
66 200019253 1 20080109
351 200092016 1 20080110
2 200008595 1 20080111
68 200039087 1 20080111
26 200037553 1 20080112
67 200071373 1 20080112
91 200088753 1 20080112
238 200059635 1 20080112
334 200029679 1 20080112
337 200038953 1 20080113
19 200018110 1 20080115
178 200095222 1 20080115
80 200033919 1 20080116
29 200020155 1 20080117
447 200011808 1 20080117
269 200090674 1 20080118
299 200152441 1 20080118
29 200028148 1 20080119
134 200014953 1 20080120
149 200027136 1 20080120
200 200027144 1 20080120
489 200043023 1 20080120
43 200025621 1 20080122
206 200021761 1 20080122
206 200056103 1 20080122
121 200013546 1 20080123
175 200029679 1 20080123
202 200022782 1 20080123
408 200030081 1 20080123
317 200095569 1 20080124
435 200162557 1 20080125
299 200202659 1 20080126
435 200073362 1 20080127
449 200195811 1 20080127
200 200100227 1 20080128
334 200017586 1 20080130
112 200022176 1 20080131
397 200016531 1 20080131
436 200105357 1 20080131
105 200087509 1 20080202
292 200152441 1 20080205
315 200092022 1 20080205
499 200069214 1 20080205
109 200029002 1 20080206
350 200026230 1 20080208
309 200082102 1 20080212
318 200239398 1 20080212
410 200134655 1 20080212
489 200016482 1 20080212
186 200075302 1 20080214
292 200106251 1 20080214
43 200121490 1 20080215
273 200056103 1 20080216
481 200027208 1 20080216
481 200089207 1 20080217
43 200056103 1 20080219
410 200089204 1 20080219
220 200058407 1 20080221
461 200049200 1 20080222
6 200135350 1 20080227
329 200073927 1 20080228
290 200027210 1 20080301
16 200138173 1 20080302
125 200039087 0 20080302
222 200097589 1 20080302
320 200068955 1 20080302
320 200089204 0 20080302
20 200027208 1 20080305
222 200013253 1 20080306
3 200028148 1 20080307
174 200028148 1 20080307
92 200138173 1 20080308
262 200029679 1 20080309
363 200019678 1 20080310
306 200025885 1 20080313
43 200112691 1 20080314
345 200063689 1 20080314
222 200150739 1 20080315
212 200089204 1 20080316
303 200059224 1 20080317
384 200065340 1 20080318
222 200032844 1 20080320
471 200050719 1 20080320
331 200214165 1 20080322
41 200017126 1 20080323
41 200059635 1 20080323
3 200197453 1 20080324
137 200062994 1 20080324
450 200073488 1 20080324
30 200070300 1 20080325
362 200036634 1 20080327
381 200156180 1 20080327
148 200033919 0 20080328
351 200043824 1 20080328
206 200082102 1 20080330
470 200109523 1 20080330
146 200108105 1 20080331
308 200046922 1 20080401
464 200018387 1 20080401
82 200053914 1 20080402
325 200188024 1 20080402
10 200023939 1 20080403
53 200173453 1 20080403
222 200021761 1 20080404
276 200134397 1 20080405
484 200069173 1 20080406
138 200152441 1 20080408
222 200088350 1 20080410
31 200034499 0 20080416
317 200027144 1 20080416
401 200039087 1 20080417
484 200082102 1 20080420
293 200062853 1 20080421
403 200078881 1 20080422
21 200218316 1 20080423
456 200027144 1 20080423
109 200027144 1 20080424
350 200130868 1 20080426
410 200095222 1 20080426
53 200168388 1 20080428
167 200014911 0 20080428
175 200110079 1 20080428
443 200033919 1 20080428
39 200133448 1 20080429
109 200054715 1 20080429
134 200113840 1 20080429
421 200073754 1 20080429
401 200020816 1 20080501
30 200216999 1 20080504
19 200155018 1 20080505
279 200121490 1 20080505
308 200022176 1 20080506
484 200105993 1 20080506
436 200022782 1 20080507
341 200089204 1 20080509
189 200022782 1 20080511
315 200033919 1 20080512
398 200104086 1 20080513
406 200048760 1 20080513
315 200113229 1 20080514
131 200089204 1 20080516
441 200089204 1 20080516
242 200025885 1 20080518
178 200178262 1 20080519
232 200078237 1 20080524
362 200026306 1 20080525
53 200116236 1 20080526
131 200113930 1 20080526
22 200033170 1 20080527
22 200039087 1 20080527
236 200036561 1 20080528
491 200172272 1 20080528
315 200029544 1 20080529
318 200135753 1 20080529
317 200118761 1 20080530
416 200099325 1 20080531
9 200082102 1 20080602
275 200043023 1 20080602
92 200018229 1 20080604
146 200102617 1 20080604
206 200025947 1 20080604
251 200039087 1 20080604
482 200042491 1 20080604
53 200234223 1 20080605
326 200064446 1 20080606
77 200077397 1 20080609
299 200208757 1 20080610
483 200134765 1 20080614
82 200069633 1 20080615
455 200118487 1 20080616
53 200132765 1 20080618
58 200135070 1 20080618
231 200077397 1 20080618
44 200173856 1 20080619
466 200027208 1 20080620
229 200068955 1 20080621
232 200200296 1 20080621
181 200193307 1 20080622
329 200027144 1 20080622
196 200050979 1 20080624
29 200083561 1 20080625
137 200045268 1 20080625
491 200215911 1 20080625
353 200277668 1 20080626
385 200115423 1 20080626
94 200035932 1 20080627
317 200004178 1 20080627
83 200169348 1 20080629
385 200221217 1 20080629
425 200063793 1 20080629
53 200172804 1 20080630
58 200229821 1 20080630
140 200037413 1 20080701
425 200158012 1 20080701
463 200173572 1 20080704
350 200135977 1 20080706
436 200019666 1 20080706
454 200052366 1 20080707
316 200052488 1 20080708
53 200138252 1 20080709
262 200027208 1 20080709
408 200038137 1 20080709
472 200167760 1 20080710
316 200002496 1 20080713
316 200095222 1 20080713
9 200126673 1 20080714
353 200247153 1 20080714
103 200043023 1 20080715
224 200044833 1 20080715
154 200175540 1 20080718
306 200089932 1 20080718
248 200161457 1 20080719
430 200087782 1 20080719
316 200033919 1 20080720
246 200031516 1 20080721
299 200132446 1 20080721
229 200018762 1 20080722
350 200229464 1 20080722
350 200022719 1 20080724
37 200027208 1 20080726
404 200066241 1 20080726
59 200253032 1 20080727
245 200077397 1 20080728
396 200077397 1 20080728
283 200220431 1 20080729
333 200092066 1 20080729
71 200122067 1 20080730
163 200028091 1 20080730
475 200025885 1 20080802
201 200069173 1 20080803
350 200198776 1 20080803
29 200032731 1 20080804
162 200117881 1 20080804
258 200029679 1 20080804
304 200013745 0 20080804
178 200048760 1 20080805
422 200190054 1 20080806
246 200155018 1 20080807
381 200108775 1 20080807
181 200237420 1 20080810
57 200106251 1 20080811
172 200055768 1 20080811
332 200025885 1 20080811
491 200310741 1 20080812
126 200043509 1 20080813
126 200050719 1 20080815
246 200038298 1 20080815
246 200029598 1 20080818
203 200090971 1 20080819
220 200069562 1 20080819
19 200074730 1 20080821
50 200029679 1 20080822
43 200012849 1 20080823
446 200027208 1 20080824
268 200284289 0 20080825
398 200089204 1 20080827
410 200252121 1 20080827
498 200040418 1 20080828
41 200023480 1 20080830
189 200028148 1 20080830
16 200031128 1 20080831
193 200025094 1 20080901
228 200077397 1 20080902
395 200022782 1 20080902
23 200015411 1 20080903
325 200211709 1 20080903
325 200308640 1 20080904
251 200037413 1 20080906
325 200158349 1 20080907
391 200121490 1 20080908
361 200017586 1 20080909
40 200067256 1 20080910
220 200074730 1 20080910
211 200032204 1 20080911
425 200139372 1 20080912
197 200258522 1 20080913
134 200025632 1 20080914
461 200033671 1 20080915
10 200021553 1 20080918
439 200068955 1 20080918
126 200025885 1 20080921
299 200089207 1 20080923
327 200011808 1 20080923
228 200288330 1 20080924
92 200012309 1 20080927
462 200089204 1 20080927
326 200032844 1 20080929
329 200119192 1 20080929
361 200104975 1 20080929
144 200028768 1 20080930
299 200202891 1 20080930
429 200200296 1 20080930
87 200223971 1 20081001
156 200021887 1 20081002
443 200009327 1 20081002
262 200038641 1 20081004
217 200014357 1 20081005
226 200261647 1 20081005
238 200112888 1 20081006
407 200077397 1 20081006
462 200028148 1 20081006
325 200231194 1 20081007
486 200073033 1 20081007
176 200027208 1 20081008
378 200136589 0 20081009
370 200019279 1 20081010
385 200261647 1 20081010
446 200022782 1 20081010
65 200098724 1 20081011
353 200306160 1 20081012
180 200162873 1 20081013
132 200156540 1 20081016
36 200054257 1 20081017
230 200054257 0 20081017
158 200025885 1 20081019
148 200027208 1 20081020
51 200128959 1 20081021
326 200201364 1 20081024
350 200206339 1 20081024
178 200067256 1 20081025
226 200038070 1 20081025
362 200280905 1 20081027
292 200066596 0 20081028
408 200034382 1 20081028
362 200319064 1 20081029
75 200033671 1 20081031
87 200191490 1 20081031
228 200138173 1 20081102
325 200069173 1 20081103
223 200031163 1 20081104
315 200061830 1 20081106
222 200059965 1 20081107
231 200082102 1 20081107
421 200200296 1 20081107
455 200321674 1 20081107
352 200148253 1 20081109
21 200221951 1 20081110
232 200069173 1 20081110
477 200039087 1 20081110
350 200039864 1 20081111
370 200166309 1 20081111
398 200027208 1 20081111
417 200039864 1 20081111
453 200082102 1 20081113
212 200118761 1 20081114
87 200090142 1 20081115
325 200067256 1 20081115
34 200024768 1 20081116
54 200013320 1 20081116
90 200103152 1 20081117
308 200071557 1 20081117
327 200033671 1 20081117
212 200032204 1 20081118
406 200264190 1 20081118
217 200021881 1 20081119
235 200099570 1 20081121
339 200080118 1 20081123
283 200252267 1 20081124
302 200071557 1 20081124
93 200205878 1 20081126
362 200299905 1 20081127
31 200029619 1 20081128
343 200105670 1 20081201
43 200078814 1 20081203
447 200024476 1 20081206
202 200050144 1 20081207
87 200105726 1 20081209
226 200063197 1 20081209
325 200292299 1 20081209
491 200262464 1 20081209
87 200077978 1 20081210
466 200046922 1 20081211
323 200008531 1 20081212
217 200037336 1 20081213
14 200101104 1 20081214
399 200136589 1 20081214
454 200085452 1 20081214
285 200150863 0 20081215
132 200216237 1 20081217
310 200073863 1 20081217
448 200077397 1 20081217
279 200079595 1 20081218
326 200131916 1 20081218
49 200198742 1 20081220
472 200106232 1 20081220
442 200064015 1 20081221
146 200073825 1 20081222
162 200151029 1 20081222
350 200289334 1 20081222
92 200020431 1 20081226
195 200038510 1 20081227
143 200027208 1 20081228
388 200060382 1 20081228
308 200027208 1 20081229
76 200032204 1 20081230
183 200059965 1 20081230
192 200032204 1 20081230
310 200177343 1 20081230
97 200039087 1 20090101
350 200323581 1 20090101
271 200077397 1 20090104
314 200150863 1 20090104
335 200068955 1 20090104
493 200026257 1 20090104
350 200052365 1 20090105
424 200016531 1 20090105
310 200095298 1 20090107
460 200021304 1 20090109
343 200108383 1 20090110
345 200046501 1 20090111
171 200142314 1 20090113
92 200098415 1 20090114
318 200230372 1 20090114
274 200052035 1 20090115
391 200067256 1 20090118
400 200051537 1 20090118
44 200185342 1 20090119
103 200054715 1 20090119
189 200013546 1 20090119
370 200083862 1 20090119
407 200087782 1 20090121
344 200019678 1 20090122
94 200077050 1 20090123
132 200123404 1 20090124
35 200022782 1 20090125
168 200025885 1 20090125
444 200032204 0 20090125
283 200317422 1 20090126
325 200340996 1 20090127
49 200340996 1 20090128
82 200079944 1 20090128
283 200243105 1 20090128
318 200348557 1 20090129
267 200284613 1 20090130
215 200352121 1 20090201
407 200069173 1 20090201
447 200068955 1 20090201
87 200343012 1 20090202
247 200029329 1 20090202
171 200087782 1 20090204
201 200078194 1 20090204
368 200101041 1 20090204
115 200056103 1 20090205
192 200138173 0 20090205
271 200138173 1 20090207
480 200087782 1 20090208
87 200066929 1 20090209
87 200335131 1 20090209
414 200027520 1 20090209
454 200097085 1 20090209
202 200033671 1 20090210
446 200052272 1 20090210
212 200107786 1 20090212
268 200068955 1 20090213
289 200032204 1 20090214
248 200090323 1 20090216
173 200073166 1 20090219
272 200067256 1 20090221
421 200082102 1 20090222
446 200106627 1 20090222
219 200039087 1 20090223
281 200099709 1 20090223
443 200027208 0 20090223
325 200339490 1 20090224
80 200071373 1 20090225
7 200027208 1 20090226
91 200192148 1 20090227
106 200027208 1 20090227
38 200052284 1 20090303
87 200080427 1 20090303
235 200054351 1 20090303
92 200073825 1 20090306
95 200257278 1 20090309
191 200031804 1 20090309
207 200017582 1 20090309
318 200069173 1 20090309
186 200008782 1 20090310
258 200221743 1 20090311
101 200069173 1 20090312
113 200064635 1 20090312
268 200078747 1 20090314
398 200003470 1 20090314
44 200069173 1 20090315
184 200107997 1 20090315
388 200042169 1 20090315
137 200049200 1 20090316
395 200109418 1 20090318
464 200150863 1 20090318
37 200089207 1 20090320
455 200174930 1 20090321
441 200039087 1 20090322
247 200080898 1 20090323
362 200245736 1 20090323
200 200145038 1 20090324
283 200328627 1 20090324
222 200059223 1 20090325
446 200111212 1 20090327
120 200026306 1 20090328
156 200028648 1 20090329
248 200018914 1 20090330
288 200021761 1 20090401
172 200067781 1 20090402
441 200034499 1 20090402
461 200012522 0 20090404
51 200144350 1 20090406
173 200135272 1 20090406
200 200087085 1 20090406
65 200019859 1 20090407
94 200021770 1 20090409
51 200314308 1 20090411
148 200054257 1 20090415
283 200253364 1 20090415
89 200154576 1 20090418
8 200284136 1 20090420
411 200024952 1 20090420
442 200066703 1 20090420
95 200017300 1 20090422
350 200015693 1 20090423
97 200005170 1 20090425
164 200043509 1 20090425
324 200106618 1 20090426
8 200161381 1 20090427
131 200032973 1 20090427
278 200077854 1 20090427
283 200275448 1 20090428
362 200313224 1 20090428
428 200028148 1 20090429
446 200052267 1 20090429
401 200053914 1 20090430
421 200053914 1 20090430
437 200121050 1 20090430
446 200054715 1 20090430
14 200104086 1 20090501
35 200111734 1 20090502
134 200028094 1 20090504
322 200080118 1 20090505
2 200090674 1 20090508
17 200082102 0 20090508
96 200034688 1 20090508
168 200208583 1 20090509
8 200022782 1 20090510
74 200346294 1 20090510
199 200337063 1 20090511
323 200107072 1 20090511
283 200353195 1 20090512
336 200025632 1 20090512
156 200005170 1 20090513
402 200105726 1 20090513
423 200054257 1 20090514
176 200018888 1 20090517
461 200036984 1 20090517
283 200310322 1 20090518
164 200015072 1 20090519
323 200155018 1 20090519
154 200351925 1 20090520
353 200215911 1 20090520
395 200095606 1 20090520
460 200027188 1 20090520
200 200063138 1 20090521
230 200034382 1 20090521
451 200067256 1 20090522
87 200078853 1 20090523
183 200028148 1 20090523
183 200089204 1 20090523
301 200063689 0 20090524
325 200353342 1 20090525
410 200033170 1 20090525
212 200032731 1 20090526
254 200008794 1 20090526
284 200025885 0 20090526
91 200275998 1 20090527
209 200070617 1 20090527
87 200259573 1 20090530
322 200073754 1 20090531
87 200225857 1 20090601
132 200316666 1 20090603
435 200104086 1 20090603
37 200089204 1 20090608
258 200089207 1 20090608
113 200018888 1 20090610
83 200261214 1 20090612
98 200035393 0 20090613
318 200366863 1 20090613
408 200009327 1 20090613
83 200225644 1 20090614
350 200165801 1 20090614
454 200070654 1 20090615
160 200091720 1 20090616
461 200027210 1 20090620
16 200095532 1 20090621
473 200043023 1 20090622
449 200039087 1 20090623
286 200367768 1 20090624
88 200032204 1 20090625
417 200047372 1 20090628
8 200099034 1 20090630
439 200020376 1 20090630
391 200032204 1 20090701
200 200027188 1 20090703
325 200346159 1 20090704
413 200102617 1 20090704
178 200067733 1 20090705
219 200029324 1 20090706
332 200050979 1 20090706
437 200022782 1 20090706
126 200090674 1 20090707
259 200021761 1 20090707
259 200137575 1 20090707
325 200374228 1 20090708
153 200032204 1 20090709
29 200030366 1 20090712
67 200032204 1 20090712
144 200087864 1 20090712
283 200249492 1 20090712
253 200200296 1 20090714
325 200176511 1 20090715
362 200276485 1 20090715
446 200027210 1 20090716
138 200032844 1 20090717
146 200283073 1 20090717
446 200020155 1 20090717
87 200370936 1 20090718
229 200107997 1 20090720
347 200107997 1 20090720
311 200044833 1 20090721
311 200106251 1 20090721
430 200028768 1 20090721
201 200063786 1 20090722
270 200069173 1 20090722
410 200037455 1 20090723
38 200000749 1 20090724
423 200028148 1 20090724
244 200089204 0 20090727
218 200037413 1 20090728
286 200011217 1 20090728
19 200110826 1 20090729
42 200080675 1 20090730
259 200028148 1 20090730
277 200077397 1 20090730
325 200245944 1 20090730
29 200160483 1 20090802
446 200069173 1 20090802
387 200039087 1 20090805
153 200022782 1 20090806
58 200204607 1 20090807
7 200034510 1 20090808
255 200008782 1 20090810
258 200087925 1 20090810
283 200149748 1 20090810
252 200041848 1 20090812
3 200087782 1 20090813
423 200082102 1 20090813
468 200089204 1 20090813
25 200069173 1 20090815
145 200069173 1 20090815
325 200322546 1 20090815
182 200078814 1 20090816
235 200278160 1 20090816
102 200094532 1 20090818
462 200010896 1 20090818
381 200031128 1 20090819
423 200039087 1 20090819
445 200039087 1 20090819
132 200213477 1 20090821
454 200020155 1 20090822
49 200118145 1 20090824
23 200067256 1 20090825
343 200032844 1 20090828
388 200218828 1 20090830
87 200281558 1 20090901
430 200129926 1 20090901
73 200032204 1 20090902
455 200371142 1 20090902
142 200073825 1 20090903
234 200069173 0 20090903
383 200200053 1 20090904
403 200063786 1 20090904
45 200264190 1 20090905
447 200043023 1 20090907
462 200009272 1 20090907
112 200095068 1 20090908
61 200089204 1 20090909
396 200089207 1 20090909
14 200049172 0 20090910
312 200048760 1 20090911
37 200032607 1 20090912
166 200017140 1 20090912
11 200029002 1 20090913
265 200101104 1 20090913
27 200023939 1 20090915
256 200028148 1 20090915
453 200083561 1 20090918
197 200010840 1 20090919
78 200034781 1 20090921
116 200077397 1 20090922
188 200077397 1 20090922
435 200079944 1 20090922
462 200058708 1 20090922
470 200028148 1 20090923
446 200088880 1 20090924
277 200050767 1 20090926
36 200022782 1 20090927
80 200022782 1 20090927
230 200022782 1 20090927
325 200345798 1 20090928
381 200037425 1 20090929
39 200017254 1 20090930
253 200387261 1 20091001
277 200056366 1 20091002
53 200162998 1 20091003
215 200031128 1 20091004
171 200102734 1 20091005
200 200094164 1 20091005
289 200133563 1 20091006
40 200031128 1 20091011
132 200216314 1 20091012
163 200026773 1 20091012
446 200111231 1 20091012
13 200027208 1 20091013
87 200155183 1 20091014
35 200027208 1 20091016
249 200082102 1 20091017
50 200025757 1 20091018
362 200185548 1 20091018
195 200023108 1 20091020
87 200074361 1 20091021
287 200027210 1 20091021
61 200027208 1 20091024
200 200200296 1 20091024
101 200116849 1 20091025
200 200073264 1 20091025
77 200258647 1 20091027
215 200328492 1 20091028
448 200155021 1 20091028
292 200037310 1 20091029
222 200020786 1 20091031
427 200043850 1 20091031
325 200284079 1 20091101
252 200067256 1 20091102
144 200155369 1 20091105
74 200387949 1 20091106
245 200071373 1 20091106
140 200145038 1 20091108
36 200082102 1 20091109
47 200082102 1 20091109
446 200101104 1 20091109
464 200005170 1 20091109
264 200108248 0 20091110
435 200082486 1 20091110
435 200106627 1 20091110
278 200069240 1 20091111
11 200032204 1 20091112
64 200071373 1 20091112
108 200032204 0 20091112
256 200069173 1 20091112
319 200041384 1 20091112
325 200382432 1 20091112
87 200136292 1 20091114
227 200043509 1 20091114
110 200117565 1 20091115
87 200362346 1 20091116
325 200249148 1 20091116
331 200010306 1 20091116
454 200081419 1 20091116
342 200039087 1 20091117
178 200106627 1 20091119
81 200055768 1 20091120
413 200073469 1 20091122
286 200290656 1 20091123
87 200072079 1 20091126
21 200212395 1 20091128
137 200145064 1 20091128
303 200132765 1 20091129
479 200037563 1 20091130
78 200059155 1 20091201
151 200107440 1 20091202
133 200390074 1 20091203
437 200010744 1 20091203
411 200203419 1 20091204
102 200041384 1 20091207
196 200025730 1 20091207
1 200088486 1 20091208
143 200010481 1 20091208
410 200071373 1 20091208
435 200025962 1 20091208
87 200065641 1 20091209
325 200264223 1 20091210
95 200037318 1 20091212
410 200221953 1 20091212
140 200015411 1 20091213
196 200014106 1 20091213
133 200378246 1 20091214
418 200067256 1 20091214
98 200005170 1 20091216
229 200056103 1 20091216
387 200027208 1 20091216
200 200049387 1 20091218
482 200039900 1 20091219
154 200303853 1 20091220
145 200079506 1 20091221
258 200029598 1 20091222
400 200025730 1 20091222
127 200053447 1 20091223
90 200025730 1 20091224
199 200198117 1 20091224
210 200015411 1 20091224
497 200034382 1 20091225
24 200028648 1 20091226
142 200148628 1 20091226
45 200077397 1 20091227
337 200043509 1 20091227
293 200028648 1 20091228
409 200150863 1 20091228
175 200077585 1 20091229
333 200059336 1 20091230
154 200223513 1 20091231
273 200034688 0 20100101
350 200070522 1 20100101
239 200239398 1 20100102
168 200129345 1 20100103
296 200105071 1 20100103
413 200066596 1 20100104
327 200135272 1 20100105
474 200027208 1 20100105
20 200033671 1 20100106
269 200033671 1 20100106
306 200095222 1 20100106
361 200017510 0 20100106
382 200025885 1 20100106
165 200150863 1 20100107
316 200028419 1 20100107
133 200388511 1 20100108
350 200015865 1 20100108
68 200053198 1 20100109
81 200032204 1 20100109
125 200082594 1 20100110
252 200063812 1 20100110
137 200343983 1 20100111
423 200145150 1 20100111
274 200013269 1 20100112
375 200066596 1 20100112
410 200087085 1 20100112
29 200090674 1 20100113
87 200080820 1 20100114
362 200140771 1 20100114
388 200247601 1 20100114
49 200278655 1 20100115
92 200069173 1 20100115
133 200314745 1 20100115
399 200200388 1 20100116
301 200089204 0 20100117
325 200207084 1 20100117
387 200088348 1 20100118
437 200073166 1 20100118
87 200071876 1 20100120
87 200258522 1 20100120
87 200318998 1 20100120
381 200028148 1 20100120
200 200109685 1 20100121
359 200068955 1 20100121
199 200381598 1 20100122
225 200193370 1 20100123
449 200029679 1 20100123
487 200082102 1 20100124
125 200089207 1 20100125
325 200251220 1 20100125
492 200129926 1 20100125
355 200002496 1 20100127
383 200117412 1 20100127
492 200028148 1 20100127
401 200150987 0 20100129
492 200091720 1 20100201
311 200117372 1 20100203
312 200032204 1 20100203
244 200029002 1 20100204
280 200033671 1 20100204
192 200054257 1 20100206
265 200024476 1 20100206
494 200095086 1 20100206
18 200032204 1 20100207
71 200090229 1 20100208
135 200095222 1 20100208
287 200137629 1 20100209
413 200026257 1 20100209
434 200026257 1 20100209
133 200321656 1 20100210
180 200095086 1 20100210
376 200082102 1 20100210
87 200072308 1 20100211
76 200028148 1 20100212
192 200028148 1 20100212
354 200004155 1 20100214
312 200117565 1 20100215
42 200039087 1 20100217
192 200105380 1 20100217
275 200150863 1 20100217
329 200067930 1 20100220
373 200022274 1 20100221
382 200000556 0 20100221
450 200024019 1 20100221
460 200078897 1 20100221
269 200077585 1 20100222
87 200169085 1 20100224
423 200022227 0 20100225
468 200029493 1 20100227
72 200059363 1 20100301
144 200034382 1 20100301
3 200022782 1 20100302
36 200034382 1 20100302
183 200034382 1 20100302
359 200032204 1 20100303
17 200054257 1 20100304
405 200054184 1 20100304
385 200271224 1 20100305
325 200243335 1 20100306
324 200145038 1 20100310
364 200099103 1 20100315
411 200145256 1 20100315
132 200034478 1 20100316
292 200166973 1 20100316
200 200019859 1 20100319
1 200029255 1 20100321
388 200029251 1 20100322
64 200042094 1 20100323
325 200403891 1 20100323
405 200069173 1 20100323
160 200358553 1 20100324
195 200074982 1 20100324
456 200103403 1 20100324
218 200018066 1 20100326
214 200034011 1 20100327
101 200102734 1 20100329
362 200344050 1 20100330
32 200080822 1 20100331
225 200121498 1 20100331
194 200033919 1 20100401
362 200397831 1 20100401
466 200069173 1 20100402
498 200078814 1 20100402
78 200034233 1 20100404
142 200110604 1 20100405
356 200027208 1 20100405
239 200279261 1 20100406
445 200106618 1 20100406
128 200055309 1 20100407
187 200030081 1 20100407
229 200134725 1 20100407
360 200000749 1 20100407
377 200107997 1 20100408
489 200039087 1 20100408
200 200107142 1 20100410
209 200055325 1 20100410
344 200038293 1 20100410
25 200043819 1 20100411
152 200068955 1 20100413
254 200083207 1 20100413
393 200008701 1 20100413
448 200382668 1 20100413
325 200386033 1 20100414
327 200030698 1 20100415
33 200191804 1 20100418
224 200003595 1 20100418
95 200135585 1 20100419
225 200155021 1 20100421
283 200308034 1 20100422
128 200069173 1 20100424
70 200005170 1 20100426
128 200020624 1 20100426
106 200021363 1 20100427
497 200043023 1 20100427
367 200028768 1 20100430
95 200053198 1 20100501
113 200162387 1 20100501
381 200088453 1 20100502
267 200009055 1 20100503
353 200417609 1 20100503
86 200071373 1 20100504
154 200166623 1 20100504
200 200032522 1 20100506
375 200029329 1 20100507
136 200069519 1 20100508
488 200064138 1 20100508
128 200068955 1 20100510
388 200216350 1 20100510
25 200067256 1 20100511
383 200198003 1 20100511
448 200264043 1 20100511
487 200129926 1 20100512
270 200141983 1 20100513
270 200003370 1 20100514
371 200043509 1 20100514
133 200292368 1 20100518
388 200029704 1 20100518
444 200071373 1 20100519
33 200419300 1 20100520
238 200059289 1 20100520
261 200137472 1 20100522
72 200057872 1 20100523
174 200057872 1 20100523
450 200095569 1 20100524
253 200032204 1 20100525
283 200236271 1 20100525
369 200082896 1 20100526
204 200026040 1 20100527
225 200019710 1 20100527
353 200022910 1 20100529
385 200219373 1 20100529
19 200043737 1 20100530
267 200396206 1 20100530
494 200423805 1 20100530
277 200063689 1 20100531
303 200141983 1 20100531
392 200077397 1 20100602
479 200150863 1 20100602
261 200090746 1 20100603
325 200184301 1 20100603
268 200235227 1 20100604
99 200106251 1 20100605
477 200135350 1 20100606
44 200004779 1 20100607
154 200134789 1 20100608
200 200048957 1 20100609
17 200208583 1 20100611
43 200018308 1 20100612
188 200032204 1 20100612
359 200176323 1 20100612
458 200009836 0 20100615
26 200028665 1 20100616
371 200090674 1 20100616
120 200027210 1 20100617
153 200208583 1 20100619
487 200028943 1 20100620
133 200235408 1 20100621
342 200235408 1 20100621
480 200013982 1 20100622
450 200128858 1 20100624
143 200065009 1 20100625
41 200020155 1 20100627
297 200277978 1 20100627
311 200121064 1 20100628
382 200063689 1 20100629
66 200117565 1 20100630
133 200121959 1 20100630
494 200171352 1 20100630
296 200266248 1 20100702
480 200020099 1 20100702
38 200215974 1 20100703
313 200032204 1 20100703
99 200029679 1 20100704
99 200073166 1 20100704
62 200080822 1 20100706
138 200017588 1 20100706
214 200181650 1 20100706
488 200028148 1 20100706
313 200027210 1 20100707
256 200089204 1 20100708
488 200069173 0 20100709
36 200025745 1 20100711
47 200025745 1 20100711
128 200045069 1 20100711
448 200106627 1 20100711
164 200051257 1 20100713
105 200021171 1 20100725
293 200027733 0 20100726
17 200028148 1 20100728
380 200146427 1 20100728
158 200117026 1 20100731
