24355 100109145 1 28435595
10910 100189465 1 28588090
10910 100212267 0 28468472
38264 100023792 1 28707784
38264 100158895 1 28567990
151903 100035063 1 28598464
151903 100216201 1 28852209
151903 100441377 1 28747711
7824 100319620 1 28664363
52175 100006130 1 28397745
175685 100368137 1 28896112
42288 100216201 1 28647331
3545 100000296 0 28608847
3545 100237472 0 28923333
3545 100421953 0 28659252
70121 100045615 1 28743059
2197 100003858 0 28560584
2197 100138118 1 28458733
2197 100147545 0 28734122
2197 100236600 0 28874920
2197 100265382 1 28825370
2197 100311666 0 28661141
2197 100375621 1 28851039
2197 100419422 1 28522471
2197 100436413 0 28418069
2197 100459129 1 28558492
2197 100505031 0 28476155
7660 100000676 0 28740883
7660 100337884 1 28915156
19319 100102213 0 28500728
19319 100254743 0 28375599
14463 100040787 0 28758782
14463 100085771 0 28769020
14463 100178549 1 28426716
14463 100269700 0 28493952
14463 100332981 1 28448896
14463 100337884 1 28570524
14463 100367338 1 28552245
14463 100413858 1 28453013
14463 100421928 0 28468404
14463 100495133 0 28877573
49766 100010712 1 28720974
49766 100079536 1 28581219
49766 100093050 0 28495718
49766 100119471 1 28392362
49766 100148815 0 28648707
49766 100210042 1 28818139
49766 100212031 1 28602472
49766 100291289 0 28786568
49766 100311490 1 28777339
49766 100311906 1 28373113
49766 100325468 1 28589429
49766 100463620 0 28779471
3374 100392674 1 28881510
10344 100092235 0 28527006
10344 100276958 1 28588502
10344 100301622 0 28543596
5874 100002552 0 28865986
5874 100006941 1 28842117
5874 100047978 0 28478479
5874 100059280 1 28485429
5874 100138118 1 28463455
5874 100143250 0 28878322
5874 100155911 1 28861279
5874 100180275 1 28757819
5874 100415189 1 28704655
5874 100419422 0 28735226
5874 100437021 0 28686996
5874 100454537 1 28724176
5874 100489104 1 28898392
5874 100511667 0 28891882
5874 100540250 1 28487533
13990 100218790 0 28926798
13990 100370533 1 28491339
5864 100035512 1 28651157
5864 100137563 1 28869791
5864 100212267 1 28562029
5864 100224823 1 28800347
5864 100396565 1 28873180
5864 100430805 1 28567630
5864 100497386 1 28720263
5864 100530043 1 28700169
5864 100533744 1 28760789
71607 100159845 1 28910318
71607 100160923 1 28519619
43061 100231133 0 28783144
43061 100372423 0 28498659
16549 100027502 0 28397095
16549 100091158 1 28641208
16549 100251888 0 28433700
16549 100269130 1 28621748
16549 100458352 0 28423838
39827 100449174 1 28722455
8793 100087697 1 28880920
8793 100232957 1 28527599
5961 100022891 0 28779241
5961 100038134 1 28445624
5961 100083509 1 28557109
5961 100484037 1 28519034
5961 100487207 1 28575798
120913 100278805 1 28541316
54241 100274437 0 28538180
54241 100429348 1 28615916
13835 100071985 0 28559324
13835 100526761 0 28381475
23932 100188966 1 28749831
21343 100035512 1 28890254
21343 100108312 1 28470183
21343 100275372 1 28577331
21343 100469899 1 28657246
21343 100538871 1 28433645
91770 100388080 1 28631516
91770 100516592 1 28643584
10398 100212267 1 28584408
10398 100239268 1 28643974
10398 100265498 1 28802506
10398 100358163 1 28649522
10398 100404460 1 28768015
69589 100131220 1 28765928
69589 100194658 1 28396066
69589 100413200 0 28930378
69589 100432619 0 28638961
69589 100540213 0 28464124
160068 100170804 0 28589500
160068 100473792 0 28925316
160068 100540016 0 28677730
24185 100318694 1 28665399
24185 100345710 1 28666182
26523 100381092 1 28568582
11047 100023792 1 28381911
11047 100127152 1 28368933
11047 100449174 0 28441654
41528 100091158 1 28445945
41528 100490274 1 28534983
13859 100330054 0 28842678
104569 100358729 1 28834656
1144 100017615 1 28593253
1144 100026363 1 28639040
1144 100045312 1 28881888
1144 100062749 1 28589828
1144 100078057 1 28785802
1144 100255735 1 28389134
1144 100273582 1 28511989
1144 100329295 1 28808214
1144 100332086 1 28650931
1144 100369475 1 28909825
1144 100415840 1 28746543
1144 100420881 1 28794434
1144 100441200 1 28369935
1144 100444683 1 28892895
1144 100509713 1 28796054
1144 100534181 1 28671363
795 100250879 1 28543150
28077 100119471 1 28638455
28077 100244150 1 28463798
28077 100306077 1 28588585
1837 100089181 1 28458545
1837 100395386 1 28752406
167192 100177764 1 28533893
6285 100003858 1 28643222
6285 100052971 1 28915101
6285 100131465 1 28763778
6285 100269800 1 28838025
6285 100392310 1 28805761
6285 100530043 1 28529837
22075 100002423 1 28674990
22075 100187391 1 28607549
27689 100148815 0 28852746
60506 100325553 1 28424088
60506 100338825 1 28892804
23195 100024864 1 28578495
23195 100087697 1 28429127
23195 100265679 1 28402429
23195 100414051 1 28748099
28008 100077140 1 28545746
28008 100094575 1 28559386
28008 100431130 1 28474657
3097 100071617 1 28736838
3097 100083909 1 28836103
3097 100099488 1 28798831
3097 100114138 1 28640345
3097 100128300 1 28637264
3097 100146689 1 28741196
3097 100178549 1 28613696
3097 100224454 0 28794822
3097 100245039 0 28576707
3097 100267488 1 28892710
3097 100294934 0 28712224
3097 100311055 1 28880313
3097 100311490 1 28532804
3097 100358163 1 28760308
3097 100389968 1 28585724
3097 100465830 0 28769270
3097 100477235 1 28685301
3097 100494617 0 28779420
3097 100520633 1 28660922
3097 100536129 1 28733658
8448 100158139 1 28830338
8448 100175967 1 28487873
8448 100324316 1 28358194
8448 100389665 0 28559361
8448 100528826 1 28401604
13694 100320912 1 28365597
13694 100524256 1 28920670
62312 100008136 1 28539728
1303 100025477 1 28492203
1303 100049337 1 28668466
1303 100223721 1 28713915
1303 100233912 0 28700133
1303 100311998 1 28888572
1303 100345029 1 28518531
1303 100353841 1 28430469
1303 100374834 1 28856391
1303 100428073 1 28453843
1303 100439581 1 28912530
1303 100514483 1 28357744
1303 100528742 1 28716769
53723 100429348 0 28856101
88221 100188114 0 28616854
2647 100037303 1 28732768
2647 100042655 1 28876931
2647 100153990 1 28935529
2647 100232957 1 28695384
2647 100265247 1 28688868
7262 100042064 0 28679433
7262 100084399 1 28670143
7262 100154919 1 28602548
7262 100314072 0 28655833
7262 100398186 1 28431361
7262 100410087 1 28512935
7262 100515520 1 28551493
42613 100179283 1 28447155
42613 100441377 1 28619964
42613 100527636 1 28520204
16923 100008136 1 28858601
16923 100066197 1 28357348
16923 100090146 1 28670335
16923 100203627 1 28649296
16923 100269130 1 28375830
36491 100418840 0 28521223
9034 100133548 0 28514756
9034 100234870 0 28926439
17058 100265386 1 28526332
2967 100029543 1 28624439
2967 100197474 1 28920045
2967 100212422 1 28617269
2967 100325884 0 28710725
2967 100354950 0 28900812
2967 100394095 0 28486499
2967 100404572 1 28554240
2967 100405755 1 28825947
2967 100477033 1 28427547
26530 100029695 1 28524446
26530 100298884 1 28815628
26530 100326944 1 28538820
26530 100449619 1 28380683
26530 100477235 0 28704265
3479 100118170 1 28867869
66891 100378841 1 28821209
2839 100358849 1 28858189
31476 100147799 1 28410676
31476 100212267 0 28726819
31476 100367153 0 28606748
623 100003573 1 28648492
623 100091158 1 28887007
623 100405649 1 28823354
623 100421228 1 28394001
7347 100101985 1 28404176
7347 100441200 1 28840263
7347 100514161 1 28437596
20681 100127152 1 28557745
17 100006130 1 28487777
17 100027612 1 28368014
17 100035619 0 28693664
17 100038586 0 28655395
17 100047783 1 28800273
17 100049053 0 28780551
17 100049764 1 28776802
17 100050069 1 28869304
17 100053175 1 28532331
17 100053645 1 28815066
17 100055449 1 28684540
17 100056576 1 28744326
17 100059584 1 28842858
17 100062745 1 28638533
17 100067708 1 28535824
17 100068725 1 28789335
17 100068839 1 28501318
17 100072799 1 28504883
17 100073185 1 28853125
17 100084842 1 28699760
17 100085352 1 28469416
17 100092235 1 28573902
17 100097603 0 28826007
17 100099275 1 28420831
17 100100833 1 28595303
17 100113057 1 28664464
17 100119411 1 28410337
17 100119665 1 28860017
17 100120549 1 28854729
17 100120970 1 28659796
17 100121038 1 28707421
17 100125406 1 28528294
17 100125497 1 28694326
17 100128208 1 28579682
17 100131340 1 28885399
17 100139716 1 28499725
17 100142708 1 28936110
17 100154863 0 28419914
17 100154919 1 28799291
17 100155284 1 28418349
17 100164247 1 28723104
17 100170804 1 28938547
17 100171480 1 28942309
17 100185965 1 28727302
17 100186375 0 28933209
17 100189488 1 28775600
17 100211463 1 28522864
17 100216021 1 28508557
17 100223833 1 28441873
17 100224259 1 28684208
17 100224877 1 28482276
17 100233808 1 28919920
17 100236400 1 28754330
17 100239327 0 28480820
17 100245159 1 28766192
17 100253080 1 28687018
17 100253415 1 28537877
17 100255398 0 28411996
17 100261536 1 28426571
17 100265679 0 28418093
17 100269759 1 28686749
17 100270926 1 28751029
17 100276649 1 28456978
17 100279064 1 28499271
17 100291014 0 28618949
17 100298534 1 28399526
17 100299394 1 28395380
17 100300154 1 28742282
17 100302357 1 28447391
17 100311993 1 28560980
17 100315241 1 28359651
17 100315608 1 28713162
17 100316403 1 28883292
17 100317069 0 28696660
17 100319114 1 28491994
17 100323969 1 28468381
17 100338477 1 28660072
17 100344240 1 28697985
17 100347745 1 28406481
17 100347863 1 28581393
17 100354950 1 28753420
17 100357095 1 28826066
17 100368176 1 28903137
17 100368926 1 28584362
17 100369482 1 28603324
17 100375097 1 28656296
17 100379479 0 28649659
17 100380272 1 28809646
17 100386068 1 28666612
17 100387699 0 28507809
17 100388235 1 28871311
17 100389665 0 28475633
17 100392310 1 28518960
17 100392480 1 28456705
17 100393187 1 28685920
17 100400067 1 28567418
17 100400529 1 28446888
17 100405365 1 28627387
17 100410668 1 28560899
17 100417236 0 28362977
17 100419236 0 28772441
17 100421289 1 28366568
17 100422477 1 28909458
17 100426408 0 28361062
17 100428406 1 28466050
17 100429866 1 28550348
17 100433966 1 28879998
17 100465318 1 28599699
17 100465692 1 28626935
17 100465697 1 28492088
17 100467845 1 28555519
17 100470261 1 28924157
17 100484961 1 28750975
17 100487893 0 28645004
17 100509360 1 28742871
17 100509448 1 28774118
17 100512665 1 28431972
17 100514483 1 28509387
17 100521285 1 28719223
17 100523585 1 28731547
17 100524015 1 28818248
17 100526096 1 28539858
17 100526558 0 28606904
17 100532750 0 28924319
17 100534181 1 28702907
17 100540016 1 28430991
17 100540896 0 28476408
70570 100515005 1 28862428
9138 100068725 1 28834993
7975 100071043 1 28666123
23130 100513994 1 28546789
65747 100094575 1 28822779
87546 100526761 1 28667567
32844 100039712 0 28505944
32844 100292127 1 28375607
32844 100298819 1 28621679
32844 100395826 1 28916003
2917 100131334 1 28596785
2917 100138118 1 28898510
2917 100147799 1 28372860
2917 100167385 1 28880119
2917 100182514 1 28619186
2917 100224823 1 28923311
2917 100285595 1 28384335
2917 100312743 0 28600214
2917 100351563 1 28920083
2917 100369656 0 28792893
2917 100477235 1 28486909
14124 100460265 1 28558467
3801 100178846 1 28536077
3801 100337884 0 28803457
3801 100509606 1 28467225
71609 100411072 1 28397986
31747 100374834 0 28642260
7829 100069868 1 28522972
7829 100219784 1 28481387
7829 100250879 1 28884842
7829 100274437 0 28811727
7829 100305031 1 28846071
7829 100391401 1 28665614
7829 100403211 1 28611523
16925 100218790 1 28735161
16925 100224951 0 28816465
3569 100182233 1 28823598
3569 100289086 1 28659900
8258 100429580 1 28553873
56010 100396565 1 28636730
56010 100441565 1 28705120
628 100012575 1 28476762
628 100028349 1 28890145
628 100101547 1 28606191
628 100106565 1 28388281
628 100145657 1 28627097
628 100211687 1 28893523
628 100232377 1 28918932
628 100260786 1 28389432
628 100273582 1 28814245
628 100311376 1 28656071
628 100314671 1 28394373
628 100433966 1 28535211
628 100451485 1 28557498
628 100460632 0 28594166
628 100466955 1 28679137
1221 100300154 0 28482762
2971 100237472 0 28461810
246595 100516259 1 28409048
7691 100045312 1 28555512
7691 100053175 1 28743167
7691 100056295 1 28641420
7691 100067055 1 28870810
7691 100083142 1 28784186
7691 100143250 0 28679267
7691 100172340 1 28442909
7691 100216036 0 28588621
7691 100389402 1 28724264
7691 100396729 1 28641173
7691 100414038 1 28498542
7691 100517948 1 28575886
80624 100015919 0 28748854
13826 100057773 1 28382080
13826 100138118 1 28525436
13826 100224823 1 28484415
13826 100308479 1 28651976
13826 100319517 1 28552177
13826 100359917 0 28529818
13826 100377190 1 28780865
76899 100177932 1 28829791
41886 100052709 1 28388157
41886 100066827 1 28663966
41886 100077702 1 28839218
41886 100523434 1 28658188
147004 100085352 1 28414338
147004 100211556 1 28481842
147004 100277657 0 28678850
147004 100312734 1 28889133
5329 100042655 1 28920344
309117 100090020 0 28620963
309117 100120970 1 28702058
309117 100231133 0 28850942
309117 100405649 0 28797413
5726 100160179 1 28447147
5726 100167385 0 28685382
5726 100507142 1 28717971
16105 100008216 1 28469328
3117 100233725 0 28895790
3117 100487636 0 28479166
3117 100526060 0 28649408
2802 100054379 1 28881876
2802 100467977 0 28737297
20604 100055449 0 28517959
20604 100119157 0 28621794
20604 100170342 0 28401100
20604 100466257 0 28853409
60959 100475190 1 28612380
214599 100533074 1 28723396
256389 100045312 1 28569413
256389 100485143 1 28599288
8869 100387878 1 28518212
8869 100506567 1 28435036
8869 100515087 1 28674301
13408 100516220 1 28518306
59496 100269505 1 28893151
8387 100219701 1 28413977
8387 100495160 1 28596693
27617 100429348 1 28413300
52390 100102213 1 28630430
15332 100023792 1 28755532
15332 100056100 1 28567187
15332 100526761 1 28636620
32916 100067094 0 28907056
32916 100233808 1 28436783
32916 100242863 1 28547019
32916 100504267 0 28491353
1884 100000676 0 28558528
1884 100131724 1 28491833
72233 100157157 1 28799672
25029 100188765 1 28828912
25029 100221642 0 28611943
25029 100429348 1 28874936
17079 100047783 1 28564107
17079 100363053 1 28397993
17079 100422410 1 28669224
44556 100196284 1 28917300
44556 100493335 1 28508656
12589 100102539 1 28532208
4716 100019022 1 28402291
4716 100036376 1 28639926
4716 100196445 0 28433780
4716 100216036 1 28551888
4716 100361038 1 28807835
175950 100040785 1 28538241
175950 100058555 1 28564336
22023 100033026 1 28623482
22023 100059831 1 28849852
22023 100112224 1 28398077
22023 100122275 1 28785753
22023 100320701 1 28360109
22023 100366458 1 28813547
22023 100376107 1 28445138
49726 100386068 0 28899074
57621 100200070 0 28379081
116374 100173154 1 28475707
116374 100271036 1 28901987
219668 100068729 1 28765149
31022 100538998 1 28621067
42267 100490274 1 28787138
3856 100506911 1 28772584
5098 100098756 1 28582014
5098 100112984 1 28881831
5098 100214776 1 28636052
5098 100264586 1 28425386
5098 100298435 1 28731801
5098 100425735 1 28357065
5098 100523434 1 28852695
4362 100464635 0 28515608
4362 100487235 1 28675047
4362 100509606 0 28530784
5572 100516259 1 28913460
27507 100094201 1 28813882
27507 100107221 1 28512494
27507 100206360 1 28484887
27507 100451427 1 28908556
17394 100391401 1 28432970
92709 100285678 1 28632891
104434 100201679 1 28937917
6327 100004739 1 28620897
6327 100016273 1 28771764
6327 100059584 0 28915948
6327 100143656 1 28928632
6327 100175967 1 28715383
6327 100192441 1 28436530
6327 100208053 1 28888241
6327 100212396 1 28383494
6327 100334199 1 28546925
6327 100403349 1 28685214
6327 100464717 1 28402193
18913 100023792 1 28939168
18913 100042259 1 28829756
18913 100045703 1 28736413
18913 100064286 1 28449579
18913 100091158 1 28423092
18913 100153990 1 28743326
18913 100191753 1 28589057
18913 100193671 1 28590367
18913 100211463 1 28689179
18913 100257301 1 28369829
18913 100298439 1 28769853
18913 100311670 1 28449316
18913 100353841 1 28370037
18913 100356060 1 28389964
18913 100382713 1 28699425
18913 100413858 1 28408045
13639 100103983 1 28755858
13639 100441377 1 28673455
54720 100065494 1 28436343
15210 100259143 1 28583513
20614 100170090 0 28446185
26015 100370100 1 28549613
75847 100260786 1 28661805
7736 100084842 1 28893272
7736 100109240 0 28790575
7736 100221174 1 28462422
7736 100359827 1 28698253
7736 100388235 0 28934703
7736 100523748 1 28705480
7736 100537441 1 28502422
104992 100056576 1 28413191
104992 100191599 1 28923062
104992 100458333 1 28684092
12055 100366569 0 28751477
50602 100236772 1 28926004
50602 100277622 1 28853813
50602 100363156 1 28784229
50602 100460491 0 28395361
19133 100006130 1 28581189
42785 100006417 0 28739322
42785 100077140 1 28843012
42785 100090660 1 28394624
42785 100105981 1 28851354
42785 100167385 1 28742270
42785 100287493 0 28733131
42785 100395826 1 28589610
42785 100420881 1 28887348
42785 100490274 1 28563544
57076 100058555 0 28498269
6066 100282178 1 28441142
118665 100158023 0 28559395
118665 100333429 0 28708337
150 100509305 0 28639281
14289 100264255 1 28896646
14289 100537380 1 28522216
170371 100146253 1 28514124
170371 100233047 1 28600380
3649 100020423 1 28934594
3649 100053326 1 28902168
3649 100102709 1 28521541
3649 100185965 0 28438618
3649 100232962 1 28448335
3649 100253319 1 28811901
3649 100298435 1 28715343
3649 100348669 0 28447353
3649 100411166 1 28577181
3649 100414038 1 28424273
3649 100458032 1 28506707
3649 100490208 1 28604722
6223 100028123 1 28912000
6223 100054379 1 28843606
6223 100084842 1 28632191
6223 100118835 1 28857549
6223 100410087 1 28559056
6223 100429123 1 28780149
6223 100534758 1 28542716
5466 100086993 1 28782886
5466 100480645 1 28714318
5532 100467845 1 28905517
5532 100498608 1 28909169
10403 100357409 1 28578175
101118 100347868 0 28541868
299 100090097 1 28758980
299 100254166 0 28862320
299 100286668 1 28656057
299 100311670 1 28408766
27329 100077702 0 28415978
27329 100338825 0 28572948
66 100103983 1 28782256
66 100115582 1 28374405
66 100150473 1 28648022
66 100211463 1 28482844
66 100226953 1 28427030
66 100258380 1 28521106
66 100404383 1 28470585
66 100535341 1 28906741
66 100538230 1 28408585
2815 100077702 1 28698678
110878 100131724 1 28623234
110878 100324316 1 28729361
1906 100407167 1 28447230
21062 100236600 0 28757415
4741 100005895 1 28593872
4741 100053326 1 28468500
4714 100319147 1 28816406
308 100024090 0 28473878
308 100133548 1 28864922
308 100226847 1 28875390
308 100228086 0 28581142
308 100231100 1 28471648
308 100384350 0 28587294
308 100395386 1 28458906
308 100464409 1 28765753
308 100519822 0 28783963
9240 100260891 1 28849566
3187 100102858 0 28455202
62233 100406648 1 28798283
62233 100526060 1 28788836
62233 100529845 1 28668363
3235 100109374 1 28680930
3235 100169377 1 28927633
3235 100230917 1 28942092
3235 100423854 1 28765146
3235 100425735 1 28587556
3235 100473463 0 28625441
3235 100505046 0 28777482
2711 100000296 1 28672584
2711 100087739 0 28457048
2711 100312734 0 28586436
2711 100440783 1 28671421
813 100222095 0 28482707
43703 100066197 1 28396634
50839 100301925 1 28780263
13903 100047783 1 28865339
13903 100284249 1 28690484
13903 100353685 1 28762581
13903 100370533 0 28470752
13903 100378841 1 28671316
13903 100465808 1 28380358
75657 100172381 1 28438322
2486 100065000 1 28654131
2486 100158139 1 28824611
2486 100165272 1 28577337
2486 100287493 1 28747243
2486 100391401 1 28761033
2486 100391885 1 28463967
2486 100395711 1 28862449
2486 100439581 1 28674637
2486 100480254 1 28565335
2486 100494224 1 28380696
325352 100285256 1 28453591
21885 100170911 1 28593687
21885 100439797 0 28593775
21885 100478827 1 28755841
1249 100421953 0 28873439
1249 100523207 1 28393739
5769 100480254 1 28720505
3069 100115308 1 28590797
1317 100027502 0 28906384
1317 100089363 1 28597956
1317 100110273 1 28374549
1317 100162283 1 28928810
1317 100179830 1 28744922
1317 100220561 1 28785474
1317 100263058 0 28582735
1317 100265279 1 28858693
1317 100265498 1 28701721
1317 100301556 1 28451841
1317 100334757 1 28431029
1317 100351563 1 28532199
1317 100354809 0 28520341
1317 100375621 1 28551859
1317 100482928 1 28404053
1317 100487893 0 28809726
1317 100515520 1 28561468
1317 100535341 1 28701705
48955 100347579 1 28768844
113069 100208198 1 28723405
8875 100194026 1 28463978
8875 100231133 1 28441310
8875 100292606 0 28615121
8875 100368460 1 28793684
8875 100372423 1 28509445
8875 100395826 1 28542599
5640 100032936 1 28648245
5640 100041102 1 28458973
5640 100358163 1 28815694
5640 100378841 1 28596241
5640 100528826 0 28934014
49603 100023792 1 28717288
59876 100071617 1 28908444
59876 100171607 1 28889102
59876 100401874 1 28357251
59876 100439581 1 28637668
87387 100328756 1 28882337
87387 100515245 1 28575087
32930 100028715 1 28899094
32930 100353243 1 28607243
32930 100525904 1 28929229
100969 100064256 1 28624056
100969 100489578 1 28447601
6384 100017701 1 28580278
6384 100035512 1 28777364
6384 100053054 1 28597445
6384 100110200 1 28820480
6384 100229003 1 28374060
6384 100302063 1 28439055
6384 100369348 1 28458128
6384 100401085 1 28656021
6384 100440079 1 28554876
6384 100451427 1 28771169
6384 100502086 1 28361713
108058 100095757 1 28419149
938 100233047 1 28808207
938 100237729 1 28477048
938 100454815 1 28809472
938 100519807 0 28418580
6001 100068415 1 28790178
6001 100075364 1 28574788
6001 100097603 1 28847540
6001 100102858 1 28782180
6001 100124941 0 28408801
6001 100189068 1 28536662
6001 100250227 1 28617608
6001 100257301 1 28871492
6001 100292076 1 28844631
6001 100319564 1 28464255
6001 100324532 1 28374861
6001 100355472 1 28890468
6001 100434063 1 28664990
6001 100445661 1 28587317
6001 100515087 1 28905774
6001 100520406 1 28651456
6001 100534876 1 28731939
6001 100540213 1 28581052
129232 100203627 1 28867492
22567 100211463 1 28441832
3012 100237472 0 28615604
3012 100392674 0 28485038
106 100059831 1 28498609
106 100077140 1 28418268
106 100117979 0 28480436
106 100192441 1 28465531
106 100226847 1 28707146
106 100288563 1 28716211
106 100311906 1 28721719
106 100376858 1 28403679
106 100405365 1 28520689
106 100480828 1 28532264
106 100527309 1 28451427
106 100530296 1 28534702
71528 100318694 1 28467473
2522 100027558 1 28741958
2522 100054379 1 28473359
2522 100059584 1 28638329
2522 100124941 1 28491306
2522 100167385 1 28837086
2522 100172048 1 28864772
2522 100174042 1 28481585
2522 100196488 0 28935077
2522 100228199 1 28673439
2522 100287493 1 28635503
2522 100302063 1 28900077
2522 100329318 1 28711442
2522 100361310 1 28598261
2522 100363156 1 28372957
2522 100367656 1 28446454
2522 100386068 0 28696826
2522 100386301 1 28735203
2522 100403349 1 28768919
2522 100408491 1 28497542
2522 100461820 1 28580765
2522 100485382 1 28413712
2522 100490197 1 28565153
2522 100506567 1 28457646
2522 100528826 1 28602385
48778 100200070 1 28733999
48778 100432619 1 28753928
135 100001318 0 28707801
135 100006130 1 28398746
135 100006941 1 28494236
135 100030087 0 28599704
135 100034144 1 28780116
135 100058880 1 28651975
135 100059831 1 28740263
135 100069184 1 28574693
135 100088099 1 28571338
135 100090020 1 28594892
135 100095005 0 28727173
135 100099275 1 28756531
135 100102213 0 28823756
135 100104366 1 28783097
135 100110317 1 28598389
135 100119385 0 28869025
135 100121013 1 28397712
135 100129269 1 28379332
135 100133831 1 28786266
135 100138118 1 28910042
135 100143470 1 28885261
135 100143826 1 28430576
135 100151621 1 28422255
135 100163934 1 28438672
135 100165737 1 28704864
135 100170804 1 28819167
135 100174334 1 28486096
135 100179283 1 28370352
135 100191753 0 28756224
135 100204959 1 28792332
135 100207852 1 28450242
135 100217389 1 28494624
135 100218311 1 28415397
135 100226847 1 28547051
135 100237442 1 28899788
135 100238152 1 28388632
135 100254392 1 28380219
135 100260891 1 28595590
135 100266409 1 28691144
135 100268629 1 28613853
135 100274721 1 28570904
135 100279324 1 28505329
135 100281729 1 28634202
135 100283641 1 28494209
135 100285678 1 28431036
135 100311670 1 28598977
135 100319517 0 28746904
135 100357369 1 28862521
135 100371400 1 28942271
135 100376858 1 28411897
135 100381066 1 28437140
135 100390064 1 28799096
135 100393228 1 28722431
135 100393244 1 28390276
135 100404719 0 28631452
135 100411589 1 28849787
135 100415840 1 28400898
135 100418666 1 28658081
135 100425648 0 28550706
135 100431130 1 28825797
135 100445661 0 28481747
135 100450472 0 28453530
135 100466257 1 28534102
135 100475393 1 28533978
135 100481435 1 28668048
135 100487207 1 28403205
135 100494224 0 28883459
135 100508638 1 28700133
135 100509305 1 28842120
135 100510460 1 28794766
135 100517818 1 28515752
135 100521464 1 28393497
135 100522634 1 28925535
135 100523434 1 28502425
135 100524049 1 28656736
135 100526774 1 28709281
135 100530395 1 28434524
135 100532750 0 28855004
135 100534215 0 28553791
135 100540213 0 28490496
53383 100036718 1 28475837
53383 100087332 1 28376244
53383 100291150 1 28471254
53383 100476667 1 28448028
12350 100424964 1 28679837
2828 100376858 0 28514868
143546 100381390 0 28831681
4728 100008975 1 28797482
4728 100222956 1 28552459
4728 100260786 1 28509731
4728 100537026 1 28800801
20713 100023792 1 28662261
20713 100050718 1 28531653
20713 100269505 1 28599357
20713 100354950 1 28924426
4779 100029411 1 28706252
4779 100079536 1 28531757
4779 100098300 1 28510359
4779 100120549 1 28824779
4779 100127152 1 28579054
4779 100132608 1 28424446
4779 100163934 1 28898058
4779 100231133 0 28936583
4779 100310305 1 28387921
4779 100390782 1 28743646
4779 100421289 1 28602219
4779 100443602 1 28568339
4779 100460632 1 28614145
4779 100476115 1 28404136
4779 100488986 1 28566941
4779 100490549 1 28475889
4779 100501512 1 28913266
4779 100531510 1 28891923
218 100367153 1 28613386
218 100371400 1 28422481
4285 100094575 1 28618589
4285 100118170 0 28897403
4285 100158148 0 28615879
4285 100187391 1 28775761
4285 100232957 0 28523492
4285 100265498 1 28840218
4285 100367338 0 28858499
4285 100376623 0 28547637
4285 100515017 1 28472974
2360 100024842 1 28366407
2360 100041877 1 28674702
2360 100118835 1 28460558
2360 100153499 1 28822191
2360 100244585 1 28764220
16565 100120931 1 28532380
16565 100408491 1 28763781
644 100072159 1 28762837
644 100265386 0 28828800
12471 100094575 1 28869481
12471 100310096 0 28448823
12471 100488986 1 28780951
104411 100112224 1 28420397
104411 100135149 1 28896784
104411 100263614 1 28576173
104411 100356060 1 28844964
9964 100069868 1 28437526
57584 100029074 1 28499381
57584 100029576 1 28772548
57584 100069868 0 28595677
57584 100263733 1 28439103
57584 100392323 0 28885315
16103 100200070 0 28800615
6227 100066197 1 28501431
6227 100198299 0 28562811
6227 100249546 1 28544126
6227 100265279 0 28454033
71532 100058628 0 28496682
13966 100084842 1 28911222
13966 100155375 1 28615368
13966 100230015 1 28767432
13966 100285560 0 28778738
13966 100538654 1 28465120
9157 100004739 1 28677399
9157 100352040 0 28514855
9157 100421581 1 28718190
416641 100380272 1 28458331
22555 100224951 1 28487441
50596 100049337 1 28369509
50596 100066827 1 28485173
50596 100078182 1 28399057
50596 100407796 0 28566837
31628 100155375 1 28508973
10681 100155651 1 28509492
10681 100184111 1 28784735
10681 100187391 1 28846030
10681 100278294 1 28391755
10681 100320912 1 28380403
10681 100421468 1 28405961
10681 100466955 1 28680477
10681 100520406 1 28431278
10681 100524256 1 28493946
301134 100217389 1 28493525
5627 100054379 1 28927905
5627 100059831 1 28384357
5627 100226847 1 28511027
5627 100261381 1 28751789
5627 100428073 1 28394311
5627 100519354 1 28832199
5627 100526761 1 28389663
182017 100356776 1 28436465
42523 100250879 1 28776599
42523 100428073 1 28631297
37658 100522310 1 28809223
55420 100047978 1 28665160
1091 100271214 0 28502013
1091 100347579 0 28885530
23889 100474446 1 28587513
43274 100429348 1 28698652
37835 100213405 0 28813346
12461 100186647 0 28692535
12461 100359461 0 28650830
2972 100451485 0 28548697
7603 100034144 1 28870012
7603 100110317 1 28767945
7603 100160763 1 28469411
7603 100334964 1 28914414
7603 100527636 1 28495107
161320 100066827 1 28439631
161320 100464717 1 28656517
161320 100500348 1 28621744
4800 100110200 0 28659932
4800 100376858 0 28884791
12776 100071617 0 28938387
12776 100119968 0 28460482
12776 100496977 0 28712002
12776 100509606 1 28651242
1148 100013118 1 28366996
1148 100023341 1 28884731
1148 100064291 0 28392461
1148 100184111 1 28359995
1148 100196245 0 28598439
1148 100311998 1 28914027
1148 100326607 1 28616135
1148 100332981 0 28782555
1148 100376858 0 28765483
1148 100377011 1 28489452
1148 100397811 1 28658176
1148 100420883 1 28433676
1148 100429580 1 28673043
1148 100430849 1 28539073
1148 100510460 1 28746815
1148 100526279 0 28382053
20727 100330967 1 28627398
20727 100357409 1 28882629
8818 100080798 0 28465509
8818 100244150 0 28876624
8818 100300850 1 28883264
8818 100425735 1 28920173
89957 100038381 1 28611699
89957 100337884 1 28729104
89957 100441565 1 28914970
13120 100178549 1 28627900
13120 100189465 1 28933511
13120 100195904 1 28448032
13120 100203546 1 28701460
13120 100320784 1 28854730
13120 100372423 1 28629526
13120 100507654 1 28795735
13120 100534181 1 28885435
2060 100237472 1 28747882
2060 100387863 1 28738312
4742 100211687 1 28557351
4742 100239327 1 28534254
4742 100260482 0 28459810
4742 100384196 1 28768376
144 100368537 1 28742484
18211 100091158 1 28847882
42578 100216201 1 28889106
42578 100333429 0 28666225
49933 100415840 1 28541013
49933 100519412 1 28863506
49933 100526761 1 28833138
3843 100078057 1 28510794
3843 100341193 1 28451899
3843 100404634 1 28373008
788 100003573 1 28753860
788 100073778 0 28756338
788 100095757 1 28628264
788 100120549 1 28811102
788 100121928 1 28629727
788 100192584 1 28812342
788 100194658 1 28824095
788 100238118 1 28382024
788 100252868 1 28755575
788 100288563 1 28496231
788 100290107 1 28534655
788 100346370 1 28381531
788 100395711 1 28633503
788 100415189 1 28737514
788 100463260 0 28470777
788 100484000 1 28398449
788 100493335 1 28885454
105063 100197474 1 28792382
24868 100097642 1 28760245
24868 100154919 1 28750745
24868 100164395 1 28589523
24868 100195159 1 28705354
24868 100222095 1 28614891
24868 100288563 1 28616902
24868 100479307 1 28787811
33066 100435740 0 28454747
815 100192441 1 28443735
815 100258682 1 28750562
815 100269505 0 28813058
815 100299394 1 28861278
815 100312734 1 28552515
815 100384350 0 28635438
18698 100421468 1 28723885
10401 100038339 0 28861246
10401 100045159 1 28491233
10401 100065893 1 28791214
10401 100217947 1 28646037
10401 100332450 1 28459248
62693 100087739 1 28437559
53335 100262861 0 28675301
24882 100449223 0 28618904
24882 100500182 0 28734170
24882 100534181 1 28588163
696 100075477 1 28879843
696 100356776 1 28922413
3099 100035063 1 28622682
3099 100103983 1 28863782
3099 100114990 1 28432303
3099 100163691 1 28706395
3099 100522310 1 28721687
41345 100490274 1 28781378
13899 100047783 0 28501586
13899 100168119 1 28657638
13899 100188114 1 28363127
13899 100212396 0 28942854
13899 100311055 0 28668432
79343 100239588 1 28747275
7526 100099981 1 28439819
7526 100232910 1 28551994
7526 100281106 1 28635580
7526 100404634 1 28917819
7526 100449174 1 28649250
7526 100461709 1 28742446
85600 100376623 0 28742856
89693 100034144 1 28756695
89693 100119411 0 28871952
89693 100279064 1 28385448
89693 100298435 1 28709375
46207 100008136 1 28543692
46207 100014090 1 28761457
46207 100045312 1 28407739
46207 100069868 1 28937573
46207 100101547 1 28885920
46207 100228187 1 28588023
46207 100278617 0 28551264
46207 100359088 1 28470869
46207 100485465 1 28790075
46207 100527636 1 28387893
151773 100428073 1 28650482
151773 100527309 1 28712878
49976 100236121 1 28363280
49976 100401874 0 28688505
49976 100530296 1 28825702
9063 100032936 1 28637944
9063 100078057 1 28729718
9063 100238152 1 28608859
9063 100251356 1 28645560
9063 100272135 1 28816822
9063 100318328 1 28397556
9063 100345710 1 28875336
9063 100368137 1 28733961
9063 100380072 1 28940584
9063 100392310 1 28430123
9063 100435740 1 28554763
9063 100440019 1 28603206
9063 100452583 0 28874616
9063 100505141 1 28828864
9063 100520151 1 28694912
22175 100129795 0 28360179
81542 100413040 1 28381765
81542 100519807 1 28546686
35453 100216627 1 28421994
35453 100315058 1 28686136
35453 100445362 1 28790528
23293 100146859 1 28432995
1204 100083909 1 28428223
1204 100140389 1 28429463
1204 100257363 0 28793575
1204 100406252 0 28913580
1204 100439642 1 28458521
81557 100319300 1 28384771
81559 100433966 1 28742556
32645 100075364 0 28426319
32645 100145932 0 28933458
32645 100326323 0 28900990
219431 100502410 1 28848757
16480 100020622 1 28878283
16480 100047783 1 28781396
16480 100099275 1 28402754
16480 100162654 1 28899345
16480 100177895 1 28840642
16480 100263058 1 28602106
16480 100284249 1 28510655
16480 100392480 1 28791606
16480 100536129 1 28938315
151872 100289086 1 28376682
151872 100516220 1 28742773
152108 100526761 1 28655188
12296 100404460 1 28371074
8382 100035512 1 28377927
8382 100080778 1 28841026
8382 100255913 1 28837291
8382 100282838 1 28865710
8382 100481435 1 28565706
8382 100504310 0 28707728
8382 100507654 1 28515006
8382 100528702 0 28405854
10264 100119385 1 28572348
10264 100285678 1 28821284
55013 100534758 1 28429282
64295 100257579 1 28396415
64295 100472598 1 28931619
11985 100002027 0 28874102
11985 100033985 1 28909145
11985 100212396 1 28382652
11985 100347868 1 28807780
11985 100521285 1 28586303
24690 100034144 1 28788692
24690 100120546 1 28683910
24690 100221642 0 28905959
24690 100232910 1 28661763
24690 100240226 1 28545137
24690 100308479 1 28721089
24690 100368782 1 28942179
24690 100437021 0 28422899
107026 100145657 1 28588926
1586 100127103 1 28366917
1586 100266409 1 28458705
1586 100273196 1 28497588
1586 100422410 1 28589067
4827 100237472 0 28686690
4827 100421581 1 28516761
4827 100485698 1 28356555
6052 100061845 1 28845667
6052 100143826 1 28453755
6052 100150481 1 28789498
6052 100168699 1 28882140
6052 100174197 1 28424975
6052 100257301 1 28623317
39322 100021430 1 28668650
39322 100084842 1 28928813
223825 100151024 0 28910750
15390 100517818 1 28424312
209283 100404634 1 28938877
13226 100025977 0 28609114
13226 100040254 1 28481157
13226 100186005 1 28428255
13226 100239268 1 28822530
13226 100350002 1 28664759
13226 100352079 1 28786469
13226 100368176 1 28367971
13226 100393244 1 28640286
13226 100427154 0 28467550
13226 100456757 1 28437539
13226 100460491 1 28941253
13226 100471747 1 28849589
28201 100311376 1 28738344
28201 100358107 1 28893804
43043 100258380 1 28640796
12428 100102213 0 28585688
12428 100147799 1 28405203
12428 100236600 1 28497413
12428 100395655 1 28601511
23778 100495160 0 28473744
27998 100004739 1 28578078
27998 100258380 1 28633111
27998 100507654 1 28549110
24964 100179775 1 28897997
24964 100264586 1 28657690
24964 100308479 0 28589586
18864 100429123 0 28628976
33329 100029065 1 28836559
33329 100228107 1 28417422
33329 100230405 1 28550340
33329 100405649 1 28698432
87785 100245908 1 28738996
19363 100081516 1 28519993
19363 100516220 1 28784646
18454 100221642 1 28890966
18454 100399354 0 28812957
18802 100002027 1 28836613
18802 100415918 1 28510360
18802 100463260 1 28611034
6231 100164961 1 28449210
7638 100021735 1 28781744
7638 100053778 1 28844236
7638 100075858 1 28737652
7638 100301424 1 28438474
7638 100515245 1 28501350
42740 100283589 1 28708073
82196 100104366 1 28575926
82196 100154321 1 28909205
82196 100363053 0 28862207
2110 100132569 1 28701566
2110 100196245 1 28845516
2110 100237472 1 28787718
2110 100421953 1 28669637
2110 100478248 1 28932164
2110 100532750 0 28927381
72213 100231714 1 28540086
72213 100421581 0 28868865
8852 100312734 1 28678556
53682 100039173 1 28934160
53682 100179351 1 28452612
53682 100436413 1 28669919
4214 100066221 1 28801718
4214 100217389 1 28447149
4214 100314671 1 28418092
4214 100344070 1 28647558
4214 100383650 1 28559348
4214 100404634 1 28621173
4214 100408181 1 28874908
14433 100103983 1 28918562
14433 100136509 1 28724051
14433 100329318 0 28909073
14433 100387863 1 28370627
14433 100404634 1 28532478
14433 100519412 1 28532209
14433 100534181 1 28529365
50634 100097603 1 28445951
50634 100433966 1 28466279
37446 100206360 1 28368042
37446 100538654 1 28405512
759 100052709 1 28905495
759 100353841 1 28409971
759 100393222 1 28758623
759 100494699 1 28658728
43277 100366576 1 28784848
3579 100433441 1 28931276
19814 100229003 1 28389152
19814 100344070 1 28406148
19814 100353685 1 28405008
19814 100443482 1 28785559
19814 100454537 1 28831825
59317 100276958 1 28900672
42673 100084842 1 28466804
42673 100263614 1 28478069
42673 100319620 1 28822104
42673 100329067 1 28679296
78781 100393228 1 28521237
28169 100029254 1 28575816
28169 100229581 0 28831765
28169 100261536 0 28792798
33789 100067055 1 28778213
33789 100087739 1 28594410
33789 100170342 1 28603349
33789 100220561 1 28419222
33789 100239341 1 28936296
33789 100273639 0 28801785
33789 100513994 0 28384179
407 100229973 1 28529326
407 100253172 1 28604286
407 100469899 1 28387711
10874 100146419 1 28808603
10874 100367656 1 28677072
10874 100376880 1 28473811
3343 100143656 1 28357439
3343 100172048 1 28518915
3343 100245159 0 28408151
3343 100246926 1 28467423
3343 100265107 1 28888593
3343 100278617 0 28676018
3343 100301556 1 28527057
3343 100381066 0 28648214
30454 100378355 0 28408164
30454 100446977 1 28897696
43862 100256164 1 28481427
38918 100480828 1 28661281
218519 100096011 1 28394383
218519 100330054 1 28429453
101956 100211463 1 28514767
101956 100428073 1 28657803
151548 100067094 0 28827239
151548 100128244 0 28411684
151548 100250879 0 28715935
151548 100428073 0 28773614
3759 100361038 1 28389827
2692 100157906 1 28553566
4671 100465352 0 28732450
3828 100294162 0 28832114
3828 100526864 1 28377224
21281 100429348 1 28852079
54891 100006130 1 28440891
54891 100258380 1 28806915
3256 100124941 0 28572217
3256 100216201 1 28837347
3256 100366569 1 28569039
3256 100424557 1 28495911
76953 100284764 1 28429342
92458 100053326 1 28518394
50030 100093107 1 28364727
50030 100155245 0 28596089
50030 100171607 1 28567764
50030 100245337 1 28550862
70492 100107269 1 28532634
70492 100149965 0 28766335
70492 100469797 1 28772085
39336 100031270 1 28786466
39336 100218311 1 28470635
39336 100233808 1 28552703
39336 100332981 1 28922847
39336 100367338 1 28809684
74116 100105652 1 28745357
74116 100229973 1 28798779
8862 100149093 0 28927423
8862 100162091 0 28910298
8862 100289253 1 28706865
8862 100365150 0 28449738
8862 100454800 0 28517076
8862 100523243 1 28818646
18844 100093050 0 28701916
18844 100270926 1 28439620
18844 100442282 1 28428339
18844 100516682 1 28534539
42689 100056469 1 28803843
42689 100102709 1 28775096
42689 100144096 1 28599187
42689 100199628 1 28699053
42689 100263614 0 28661955
42689 100288563 1 28497777
42689 100298884 1 28916332
42689 100540213 1 28871382
325331 100070027 0 28628551
325331 100384350 1 28685280
325331 100429147 1 28362526
325331 100439133 1 28477367
225061 100361528 1 28381995
225061 100523434 1 28868794
3882 100075863 1 28778300
3882 100301622 0 28820728
3882 100356060 1 28405247
3882 100358729 1 28603002
3882 100436413 0 28730939
3882 100445362 1 28667953
3882 100526864 1 28648003
2072 100029543 1 28357334
2072 100135149 1 28799507
2072 100142396 1 28746617
2072 100172048 1 28569570
2072 100276649 1 28500483
2072 100395386 1 28528401
2072 100457285 1 28837483
2072 100534181 1 28929586
23545 100536540 1 28710994
41749 100084842 1 28872707
41749 100527309 1 28817807
42560 100428073 1 28734171
27639 100321322 1 28451634
80082 100276912 1 28889966
3348 100120549 0 28379930
3348 100234267 1 28902779
3348 100440488 0 28697654
8800 100067708 0 28834184
8800 100083509 1 28871855
8800 100211463 1 28568096
8800 100212396 1 28887000
8800 100258380 1 28487660
8800 100284249 1 28861167
8800 100396565 1 28812048
8800 100428073 1 28505884
8800 100531155 1 28693852
36118 100199433 0 28640836
36118 100411166 1 28849607
31715 100173154 1 28845701
39024 100441200 0 28647337
81123 100045703 1 28597384
28940 100406272 1 28931912
7276 100515245 1 28666339
87837 100395040 1 28538595
3452 100202599 1 28602584
3452 100329642 1 28404003
41657 100004739 1 28467171
569 100253172 1 28759593
569 100318694 0 28820868
569 100489567 0 28532763
13946 100053326 1 28617081
2040 100076531 0 28710020
2040 100299166 1 28467386
2040 100515017 1 28599537
2040 100526864 0 28453515
4103 100000296 0 28898544
4103 100156950 1 28738750
71074 100185965 1 28840361
86120 100179830 1 28625210
3210 100358849 1 28442544
3210 100367153 0 28563449
13696 100473269 1 28733349
31412 100386084 1 28816999
31412 100434647 1 28400935
31412 100532840 1 28539466
12539 100229581 1 28783697
12539 100286668 1 28934964
12539 100401085 1 28918464
12539 100516220 1 28909244
12539 100516592 1 28787222
1270 100058628 0 28462475
1270 100158895 1 28768434
1270 100210618 1 28389488
1270 100225353 1 28551328
1270 100369929 1 28763333
1270 100422305 0 28558577
1270 100441346 1 28906415
46604 100162283 1 28755637
46604 100400103 1 28931456
9605 100021430 1 28674929
12077 100004739 1 28364401
12077 100311376 1 28568253
2574 100102213 0 28870711
2574 100383860 1 28736306
7716 100059584 0 28927710
7716 100086993 1 28545134
7716 100172340 1 28873604
7716 100505141 1 28377378
3109 100000296 1 28648712
1132 100024333 1 28772714
1132 100274889 1 28656597
1132 100285343 1 28490106
1132 100441003 1 28418500
1132 100541173 1 28659173
25841 100097030 1 28464472
25841 100265247 1 28840028
25841 100324311 1 28372316
14970 100424557 1 28862510
16712 100050069 0 28521833
16712 100178549 1 28715597
16712 100449174 1 28891289
16712 100520877 0 28603892
3515 100179775 1 28846963
3515 100308479 1 28690039
146867 100461820 1 28839984
49917 100245908 0 28598349
24184 100054586 0 28452471
24184 100197252 0 28926059
24184 100256164 1 28828444
24184 100410668 0 28605132
6247 100157393 1 28907188
6247 100420881 1 28925157
73175 100205588 1 28792831
73175 100236772 1 28824126
73175 100319620 0 28556747
29396 100030429 0 28447738
29396 100104053 1 28445176
29396 100214776 1 28526332
29396 100257400 0 28543981
29396 100358414 1 28910423
29396 100361038 0 28889417
29396 100439581 1 28835741
29396 100501512 0 28891718
29396 100531000 1 28823495
305492 100094575 1 28700591
6766 100054379 1 28533652
6766 100078214 1 28661712
6766 100118835 1 28813185
6766 100140633 1 28849790
6766 100505027 1 28587558
19023 100170342 1 28898650
19023 100495153 1 28681057
22683 100052156 1 28493110
22683 100071043 0 28590484
22683 100140633 1 28574623
22683 100532791 1 28878999
4985 100071985 0 28360397
4985 100115308 1 28449622
63853 100099488 1 28627842
63853 100228086 0 28517503
63853 100245908 1 28510322
63853 100257400 1 28760139
63853 100318705 1 28616907
63853 100444124 1 28484838
681 100212267 0 28449511
681 100226847 1 28787919
681 100406114 0 28801795
681 100410668 0 28426576
142713 100138401 1 28883391
142713 100469899 1 28658119
28130 100120627 1 28937729
28130 100502410 1 28429696
290971 100367153 1 28874979
176494 100221071 1 28686247
176494 100271036 0 28608360
23 100164395 1 28488927
23 100204055 1 28888967
23 100226847 0 28537849
23 100508638 0 28730316
9603 100517349 0 28488974
135614 100501512 0 28926992
27995 100049053 1 28773230
27995 100191599 1 28506840
27995 100358534 1 28874626
150440 100211463 0 28819710
30306 100023792 1 28759224
30306 100220029 1 28643111
30306 100251888 1 28854784
30306 100292606 1 28492669
30306 100322539 1 28442759
30306 100371052 1 28867068
30306 100429411 0 28598468
30306 100524863 1 28638573
141159 100532750 1 28739214
119505 100524256 1 28549549
5862 100029550 0 28453108
5862 100128208 1 28399053
5862 100273977 1 28747857
5862 100415840 1 28706349
5862 100428073 1 28380378
5862 100431278 1 28481351
5862 100443553 0 28723338
5862 100449223 1 28867718
121573 100265857 1 28887111
23476 100211463 1 28737888
23476 100231100 1 28743080
23476 100382713 1 28468161
23476 100433441 1 28526688
42867 100018208 1 28531067
42867 100045703 1 28795255
42867 100068729 1 28619626
42867 100144337 0 28476063
42867 100270494 1 28661143
42867 100386301 1 28382526
42867 100449174 1 28368107
42867 100527636 1 28726282
42867 100540250 1 28847911
8711 100132569 1 28472525
8711 100293369 0 28775261
8711 100317069 1 28724110
8711 100372317 1 28805657
3573 100006130 0 28582409
3573 100025977 1 28796019
3573 100112984 1 28774837
3573 100258380 0 28369547
3573 100339232 1 28934962
17185 100523207 1 28839077
17185 100529845 1 28714602
24931 100338825 1 28428340
290459 100203627 1 28582563
73774 100099215 1 28779016
73774 100225174 1 28702385
73774 100283641 0 28673122
1163 100062424 1 28501971
1163 100478248 1 28744490
13615 100300850 1 28537260
37442 100272398 1 28553758
37442 100276637 1 28455455
37442 100299166 1 28778933
37442 100431132 1 28415738
37442 100517195 1 28432726
68522 100174908 1 28821043
68522 100196488 0 28365600
68522 100237621 0 28791941
68522 100345744 0 28518634
68522 100458934 0 28786845
68522 100523207 1 28646916
42893 100194026 1 28618693
42893 100311376 1 28715872
527 100023792 1 28876698
527 100030429 1 28782691
527 100114990 1 28569862
527 100365447 1 28607750
5331 100386068 0 28673284
5331 100403349 1 28772679
5331 100429348 1 28805776
5331 100503279 1 28641010
27814 100143656 1 28869043
27814 100219784 1 28823871
27814 100494224 0 28873293
662 100299394 1 28387422
662 100465697 1 28712988
35079 100158035 1 28747759
35079 100353484 1 28817676
175506 100177259 1 28763593
175506 100418666 1 28939115
10206 100109785 1 28518167
10206 100157238 1 28408346
10206 100359088 1 28508677
10206 100416548 1 28660275
62564 100052670 1 28720821
2043 100142101 1 28676585
2043 100156807 1 28356223
2043 100162091 1 28911757
2043 100237472 1 28677297
2043 100326323 1 28582594
2043 100329067 1 28409328
2043 100369929 1 28420611
2043 100476535 1 28700193
2043 100501135 1 28381824
2043 100509606 1 28851399
5343 100031248 1 28780493
5343 100298435 1 28416736
5343 100367153 0 28445615
5343 100411192 1 28887954
5343 100518291 1 28530727
8697 100191602 1 28778707
8697 100195904 1 28583909
8697 100216201 1 28388358
8697 100254392 1 28677460
8697 100270134 0 28610983
8697 100348376 1 28911126
8697 100391885 1 28730818
8697 100397540 1 28501798
8697 100490274 1 28720162
8697 100516259 1 28800937
56826 100035512 1 28569445
56826 100426216 1 28678683
1958 100027502 1 28377083
1958 100029139 1 28720179
1958 100274246 1 28854126
1958 100327890 1 28528180
1958 100491574 0 28722955
1958 100531510 1 28381798
61210 100253172 1 28426746
61210 100274645 0 28935989
11983 100203671 1 28550031
11983 100347579 1 28900737
11983 100392310 1 28837121
11983 100506689 1 28720881
79219 100494224 1 28637832
8761 100211463 1 28412079
8761 100231133 1 28467994
8761 100308306 1 28392148
24255 100290107 1 28376928
24255 100459990 0 28411649
24255 100475277 1 28439125
200475 100054074 1 28785572
200475 100355970 1 28777788
3221 100127152 0 28471309
3221 100351563 0 28502911
182455 100246158 0 28454444
19714 100096245 1 28746716
19714 100231133 1 28464871
4608 100010252 1 28377728
4608 100164395 1 28542610
4608 100179775 1 28772046
4608 100212396 1 28680060
4608 100431132 1 28387498
4608 100474446 1 28519049
4608 100494224 1 28691762
4608 100508638 1 28668008
4045 100027612 1 28417287
4045 100085771 1 28809672
151810 100034144 1 28448256
151810 100103983 1 28655813
151810 100247296 1 28904369
151810 100279064 1 28445118
24928 100360002 1 28661175
24928 100404460 1 28576995
76816 100075858 1 28726641
76816 100112984 1 28731060
76816 100192987 0 28886864
76816 100405594 1 28383197
3552 100000296 1 28435433
13148 100045312 1 28663262
13148 100083509 1 28751888
13148 100310953 1 28911272
13148 100397811 1 28777746
13148 100431278 1 28676597
13148 100443482 1 28457679
13148 100484037 1 28601121
13148 100498107 1 28414422
392 100456757 1 28490301
12041 100529509 1 28733151
213 100000296 0 28550088
213 100045703 1 28457354
213 100125497 1 28435322
213 100128423 1 28762705
213 100219701 0 28889881
213 100283589 1 28938999
213 100311670 1 28691660
213 100366937 1 28649206
213 100367338 1 28449923
213 100387789 1 28868427
213 100421581 0 28449547
213 100447093 1 28891458
213 100498107 1 28933410
4219 100060916 0 28685733
4219 100093050 1 28734036
4219 100401874 1 28568331
5751 100036376 1 28566042
62749 100421169 1 28665275
42462 100052709 1 28531987
42462 100057773 1 28577516
42462 100102592 1 28927603
42462 100193671 1 28374650
42462 100286985 1 28746850
42462 100380072 1 28872699
42462 100525684 1 28382618
47369 100196284 1 28788851
79239 100239341 1 28571252
79239 100439797 1 28512199
79239 100536682 1 28506547
79307 100068445 1 28731059
79307 100170342 1 28422923
79307 100311055 1 28403246
4745 100310953 1 28556629
4745 100490197 1 28610077
14426 100334964 1 28619380
14426 100351563 1 28452020
14426 100404936 1 28557197
3708 100067708 0 28639609
3708 100268919 1 28547906
3708 100286489 1 28834034
3708 100509606 1 28491244
5000 100056295 1 28464824
5000 100238950 1 28391882
37854 100246158 0 28792135
16288 100004739 1 28932563
16288 100290414 1 28480285
16288 100429348 1 28934681
41858 100540300 1 28938691
66005 100130626 0 28430536
66005 100380883 1 28407642
8739 100029576 1 28441381
8739 100170553 1 28684339
8739 100258380 1 28520918
2491 100275821 1 28436780
2491 100451427 1 28451005
2491 100520633 1 28719758
3718 100023792 1 28589284
3718 100258380 1 28663024
3718 100380883 0 28822047
3718 100526864 1 28609360
3718 100528497 1 28606868
3718 100534758 1 28479828
57571 100009811 1 28517839
57571 100026363 1 28824250
57571 100179351 0 28835341
57571 100314671 1 28760635
57571 100411192 1 28670228
2312 100485630 1 28829631
19086 100156198 1 28694294
19086 100198023 0 28939283
19086 100273721 1 28665261
19086 100277091 0 28417835
19086 100300828 0 28769829
19086 100310953 0 28511316
19086 100353865 1 28533291
19086 100357058 0 28414775
19086 100534181 1 28735423
60015 100248898 1 28805271
60015 100250879 1 28576333
60015 100338825 1 28476307
60015 100537519 1 28849768
316687 100061600 0 28590218
31 100019022 1 28385969
31 100084842 1 28567338
31 100178553 1 28519782
31 100194953 1 28598459
31 100204959 1 28636965
31 100222095 1 28547702
31 100231100 1 28901453
31 100247803 1 28865371
31 100270926 1 28934203
31 100287493 1 28940673
31 100311906 1 28721504
31 100391885 1 28462995
31 100447093 1 28805335
31 100449366 1 28356482
31 100479307 1 28759156
1483 100026363 1 28697645
1483 100029253 1 28773840
1483 100134691 1 28657130
1483 100187391 1 28496810
1483 100189857 1 28840241
1483 100424557 1 28362444
1483 100520633 1 28922532
21664 100058880 1 28829863
21664 100510204 1 28476208
21664 100517685 1 28752558
40435 100311376 1 28664355
1266 100023341 1 28898106
1266 100054379 1 28527289
1266 100191602 0 28418631
13613 100392651 1 28406197
13862 100071163 1 28631954
13862 100119206 1 28690630
13862 100381066 1 28853567
13862 100406114 1 28511610
63197 100212396 1 28661940
6053 100020674 1 28533271
6053 100098756 1 28800838
6053 100128208 1 28822194
6053 100196284 1 28380422
223381 100429411 1 28467050
1335 100003087 1 28919101
1335 100039576 0 28364503
1335 100052670 1 28582139
1335 100146859 0 28459887
1335 100185498 1 28773208
1335 100411589 1 28716070
1335 100469797 1 28826798
1335 100473792 1 28752978
22031 100131863 1 28527223
22031 100193250 0 28912064
22031 100367656 1 28660198
22031 100487893 1 28670139
83 100064256 1 28514087
83 100064687 1 28485730
83 100103983 1 28640688
83 100390076 1 28404234
83 100441377 1 28476289
83 100472345 1 28448520
129203 100279324 1 28861488
129203 100326944 1 28390351
129203 100406114 1 28417084
6004 100311670 1 28377058
6004 100406114 0 28463862
46264 100045312 1 28489607
46264 100253172 1 28388347
46264 100260482 1 28765780
24 100114912 1 28791216
24 100120549 1 28650914
24 100218685 1 28770594
24 100229581 0 28494751
24 100278617 0 28643058
24 100330054 1 28915505
24 100333422 1 28799504
24 100337884 1 28542259
24 100338825 1 28932565
24 100358163 1 28525378
24 100381125 1 28409947
24 100441346 1 28903889
24 100502086 1 28846172
24 100507654 1 28906018
24 100514483 1 28429972
24 100530296 1 28922739
3915 100258380 1 28471045
747 100058628 0 28742927
48224 100064572 0 28578862
48224 100280091 1 28839537
48224 100383223 1 28900306
48224 100489104 1 28633015
28466 100065409 0 28881883
28466 100136150 1 28492854
28466 100137563 0 28759436
28466 100249720 0 28911900
28466 100261536 1 28392208
28466 100319147 1 28457278
28466 100380002 0 28693817
28466 100406234 1 28454578
28466 100420748 1 28584923
28466 100454708 1 28507264
28466 100509448 0 28573771
17648 100329022 1 28810407
44682 100011638 1 28901573
44682 100154321 1 28445775
44682 100416548 1 28899309
44682 100466257 1 28861386
44682 100504310 0 28545577
44682 100515520 1 28830493
7374 100167289 0 28642408
7374 100386068 1 28733317
7374 100490274 1 28605350
7374 100533316 0 28691947
296212 100054363 0 28533809
5328 100045312 1 28869702
5328 100178549 1 28807068
5328 100211463 1 28805951
5328 100382713 1 28898303
43686 100533744 1 28933985
8053 100260786 1 28528455
8053 100395826 1 28820942
8053 100510204 1 28593106
74664 100194866 0 28685465
74664 100329067 0 28446644
74664 100356060 0 28453497
8857 100031137 0 28909171
8857 100106565 0 28833788
8857 100202599 1 28414330
8857 100292866 1 28500166
8857 100361310 1 28505155
8857 100426822 0 28749706
8857 100510712 0 28861502
112139 100271036 1 28808449
23333 100495160 1 28822991
88992 100053326 1 28675907
88992 100173435 0 28391879
88992 100214059 0 28493722
54824 100084842 1 28718652
54824 100404634 1 28492167
54824 100526761 1 28404286
54824 100527309 1 28621796
1481 100080815 1 28575226
1481 100421928 1 28766792
1481 100465697 1 28766523
1481 100502410 1 28876078
1481 100503765 1 28577130
50681 100098756 0 28500084
50681 100120970 1 28864827
42891 100006130 1 28640806
23098 100080272 1 28740195
23098 100144343 1 28755041
23098 100421934 1 28654518
23098 100465830 1 28688892
30479 100175967 1 28860628
42060 100178549 1 28568326
42060 100218311 1 28830888
42452 100103983 1 28712514
42452 100211463 1 28879488
42452 100490274 1 28594114
147953 100527636 1 28874176
76172 100310953 1 28642416
42142 100004739 1 28849273
42142 100091158 1 28843788
84113 100527636 1 28574610
17809 100059584 1 28470829
17809 100202809 1 28510621
17809 100501509 0 28855195
136444 100404572 1 28586409
12381 100125497 0 28617656
12381 100131724 1 28652274
12381 100158139 1 28622358
12381 100199628 1 28598831
12381 100255346 1 28769142
12381 100266641 0 28758693
12381 100421953 1 28546049
12381 100504646 1 28377871
15125 100003430 1 28799947
15125 100293369 1 28580780
47269 100179830 1 28855086
9121 100388235 0 28657855
9121 100424964 1 28882706
9121 100429147 1 28651095
9121 100464409 1 28423786
49743 100202599 1 28572561
49743 100490549 1 28863492
20138 100071985 0 28596002
20138 100258364 0 28419592
149653 100418840 1 28772055
2355 100056469 1 28406441
2355 100117467 1 28601742
2355 100168699 1 28765555
2355 100238152 1 28884175
2355 100273977 1 28886957
2355 100288998 1 28586472
2355 100326307 1 28580422
2355 100527636 1 28489829
39798 100361528 1 28471925
42353 100084842 1 28852696
42353 100112224 1 28621218
42353 100311666 1 28532858
42353 100397811 1 28624308
16142 100177932 1 28406939
16142 100192441 0 28644442
16142 100341193 1 28356943
16142 100485382 1 28363143
6321 100063606 1 28937947
6321 100100340 0 28799670
6321 100128190 0 28942504
6321 100179283 1 28840408
6321 100204959 1 28644352
6321 100208668 0 28920766
6321 100228107 1 28528362
6321 100233808 1 28639727
6321 100274477 0 28937536
6321 100298578 1 28374942
6321 100337884 0 28418407
6321 100373858 0 28727671
6321 100389402 1 28531189
6321 100404936 1 28440325
6321 100526096 1 28590097
6321 100528497 0 28384251
6321 100537026 1 28452798
27527 100248898 0 28566594
27527 100393244 1 28858642
62757 100021735 1 28904645
26008 100239341 1 28622440
6273 100040787 1 28511928
6273 100056684 1 28500589
6273 100257721 1 28563563
6273 100314277 1 28547720
6273 100366149 1 28868929
60448 100513738 1 28435156
5857 100473883 0 28629997
17193 100064749 1 28576760
41153 100441377 1 28595465
41153 100490274 1 28809375
3986 100142396 0 28533153
3986 100516763 1 28566521
28155 100053326 1 28584920
28155 100064256 1 28874759
28155 100083450 1 28799056
28155 100227481 1 28572920
28155 100358534 1 28757190
28155 100359088 1 28741133
9045 100113057 0 28488526
9045 100435866 0 28578777
37739 100188966 1 28506951
8743 100029550 1 28483192
8743 100329318 1 28749141
8743 100523207 1 28725909
20939 100429348 1 28670382
41494 100157157 1 28421694
41494 100345710 1 28859587
14383 100077702 0 28807286
14383 100186647 0 28682504
14383 100488986 1 28587164
82579 100350125 1 28770815
82579 100368537 0 28584423
82579 100526119 1 28792791
3040 100120549 1 28529161
3040 100143656 1 28450999
3040 100384980 1 28822748
3007 100078539 1 28876935
3007 100113712 1 28546904
3007 100127936 1 28670962
3007 100186502 1 28935772
3007 100234870 1 28616253
3007 100473269 1 28422802
3007 100487207 1 28624096
4263 100460491 1 28872134
4263 100526864 1 28829066
13380 100321386 1 28887949
13380 100435740 1 28537071
13380 100527309 1 28527836
13380 100528702 1 28804202
18269 100091158 1 28470143
18269 100115308 1 28435647
18269 100211463 1 28826664
18269 100391401 1 28707503
10465 100062749 0 28532733
10465 100274721 1 28384879
10465 100486931 0 28484129
10465 100519891 1 28630540
61016 100049053 1 28668271
61016 100119157 1 28471868
151868 100023792 1 28677786
1630 100196445 1 28720635
2223 100526864 1 28502156
1291 100018988 0 28788821
1291 100027558 0 28741754
1291 100219701 0 28888669
1291 100327236 1 28765046
1291 100482895 0 28567256
8127 100345199 1 28885629
8127 100362395 1 28558707
3686 100074170 0 28716720
3815 100459129 0 28700348
3815 100526761 1 28479831
7782 100025904 1 28799053
7782 100029402 1 28583522
24683 100404460 1 28604004
406 100435966 1 28683521
165636 100119092 0 28759182
165636 100120970 1 28575072
165636 100384350 1 28686031
165636 100424964 1 28713645
21336 100127152 0 28771349
21336 100425735 0 28796932
21689 100435646 0 28891376
89818 100150243 1 28587717
89818 100519807 1 28835770
103541 100152493 1 28572532
60351 100373858 1 28555701
246367 100148037 1 28611876
246367 100300828 1 28734188
17863 100160522 1 28749778
41842 100504646 1 28560217
2112 100073185 1 28926311
2112 100132569 0 28866592
2112 100277091 1 28846036
2112 100278617 0 28570642
2112 100318694 1 28762336
2112 100321631 0 28562801
2112 100371052 0 28905295
37018 100175967 1 28380152
37018 100404572 1 28392416
37018 100517349 1 28570893
57008 100058132 1 28842698
57008 100157906 1 28937898
57008 100469299 1 28687955
12861 100047978 1 28748423
12861 100084842 0 28936545
12861 100203671 1 28596821
42406 100178549 1 28787104
13191 100124690 1 28489287
13191 100145927 1 28647623
13191 100204959 1 28878085
13191 100318694 0 28612752
31179 100010854 1 28685335
31179 100193250 1 28373596
31179 100347868 1 28858397
25588 100070820 1 28406310
200728 100410027 1 28629611
3261 100062424 1 28480991
3261 100193671 1 28930509
3261 100300828 1 28610134
3261 100372423 0 28642201
30440 100223833 1 28383428
10277 100036939 1 28420261
10277 100118170 1 28366198
10277 100151024 0 28465789
10277 100188114 1 28868243
10277 100213358 1 28497165
10277 100265382 1 28523142
10277 100388799 1 28714283
10277 100502410 1 28777046
35279 100032401 0 28932990
35279 100131465 1 28505416
35279 100332981 0 28789339
35279 100519880 0 28400557
73814 100286489 0 28812124
9732 100056576 0 28749679
9732 100096011 1 28893021
9732 100211463 0 28528796
9732 100330054 0 28756485
59224 100439581 1 28679126
59224 100507654 0 28679683
59224 100526110 1 28434859
2773 100120549 1 28765191
112237 100035063 1 28670115
112237 100222566 1 28746807
11060 100493005 1 28464951
11060 100515035 1 28896040
13460 100345710 1 28501405
13460 100399271 1 28582278
13460 100486369 1 28666618
304413 100458798 1 28843959
5350 100002027 1 28812672
5350 100056295 1 28543765
5350 100083142 1 28725030
5350 100110214 1 28435135
5350 100384196 1 28936703
5350 100463260 1 28669153
106857 100245337 0 28424829
44698 100154967 1 28849441
42469 100404634 1 28768750
8952 100053326 1 28365648
8952 100210618 1 28547644
4064 100217520 1 28499764
4064 100401874 0 28919192
4064 100413858 1 28391263
4064 100519891 1 28760263
21049 100127152 1 28410899
21049 100391885 1 28505567
21129 100004739 1 28448064
42376 100178549 1 28461700
14058 100212550 0 28612285
20668 100036939 0 28507150
20668 100096011 0 28821227
43476 100284275 1 28689215
11127 100011958 1 28491588
11127 100015919 1 28364607
11127 100032401 1 28809008
11127 100090660 1 28398303
11127 100171421 1 28634957
11127 100198470 1 28374427
96054 100155084 1 28423325
96054 100188765 1 28676169
1710 100247296 1 28580823
1710 100298435 1 28734932
4751 100198074 1 28784605
4751 100237472 1 28420450
4751 100373858 1 28884674
4751 100428073 1 28832198
37993 100112995 1 28616382
2131 100120549 0 28577442
3019 100036939 1 28924602
3019 100301517 0 28587138
3019 100465352 1 28507520
3019 100492096 1 28717222
97217 100365150 0 28849390
3335 100052156 1 28722418
3335 100153018 0 28622898
3335 100430917 0 28831236
3335 100526060 0 28596267
397 100028123 1 28910110
51642 100128208 1 28397516
38851 100293767 1 28785127
33718 100131724 1 28900724
33718 100218775 1 28547205
33718 100250227 1 28925155
33718 100418666 1 28658932
43938 100371400 1 28906585
379660 100504292 1 28769306
19303 100155245 1 28367060
19303 100233725 1 28523112
19303 100269130 1 28808544
19303 100368537 0 28369924
19303 100478248 1 28632173
926 100037780 1 28829317
926 100045598 0 28540953
926 100066440 0 28513274
926 100103983 1 28450531
926 100233912 1 28899128
926 100329067 1 28671641
926 100431278 1 28640408
137370 100187391 0 28587394
137370 100287493 0 28525260
28152 100217520 1 28545371
28152 100239341 1 28883273
28152 100258380 1 28687560
145784 100167289 1 28651695
13411 100023792 1 28559926
13411 100075364 1 28656263
13411 100100340 1 28565631
13411 100159862 0 28649946
13411 100178553 0 28710909
13411 100196488 0 28537775
13411 100204055 1 28675510
13411 100371963 0 28655314
13411 100395040 1 28614903
13411 100526761 1 28719662
8666 100204360 1 28464540
5424 100005895 0 28906985
5424 100020662 1 28900139
5424 100068839 1 28383219
5424 100080179 1 28843018
5424 100098756 1 28500888
5424 100104166 1 28356124
5424 100148107 1 28365297
5424 100280174 1 28473113
5424 100321386 1 28397507
5424 100361528 1 28629816
5424 100429123 0 28459812
5424 100484037 1 28678626
5424 100523748 1 28445565
199374 100363156 1 28743302
199374 100515017 1 28433944
199374 100526110 1 28803073
79304 100265386 0 28790379
79304 100439797 1 28667309
121 100002552 1 28874487
121 100003430 0 28357656
121 100062887 0 28409532
121 100329067 0 28440131
121 100341193 0 28558289
121 100487207 1 28587618
37036 100174453 1 28413838
159058 100041877 1 28503314
159058 100119471 1 28585415
159058 100153990 1 28904188
159058 100524256 0 28802797
159058 100532750 0 28713378
43063 100035063 1 28508510
39346 100438176 1 28822141
152295 100023792 1 28359002
152295 100449174 1 28623638
152295 100527636 1 28679023
18855 100002027 0 28465018
18855 100094575 1 28520141
18855 100112984 1 28781707
18855 100217150 0 28403798
18855 100237442 0 28627519
18855 100278294 0 28804875
18855 100360002 1 28833861
18855 100450472 0 28403461
18855 100454521 1 28792296
18855 100464341 0 28823377
18890 100108115 1 28529971
18890 100217150 0 28558815
18890 100443833 1 28714720
163127 100244585 1 28921359
163127 100329642 1 28658209
18376 100032401 0 28385851
18376 100220029 1 28595322
18376 100227873 1 28526753
18376 100326762 0 28574722
18376 100500348 1 28538147
39344 100018988 1 28409868
39344 100197252 1 28596123
39344 100257400 0 28689806
38212 100413858 1 28518281
43052 100084842 1 28557181
7154 100106268 1 28431846
7154 100196445 1 28410811
178307 100186647 1 28650476
178307 100464717 1 28427098
4617 100104053 1 28877257
4617 100294162 0 28747252
4617 100436413 1 28662825
2085 100262684 1 28817001
2085 100440783 1 28459420
95638 100122275 1 28717330
95638 100240226 1 28843024
12910 100441346 1 28843627
12910 100448037 1 28676289
10883 100094167 1 28402089
10883 100324311 1 28529829
1225 100027558 0 28595899
142248 100303693 0 28566577
2761 100319620 0 28665914
2761 100391885 1 28563359
2761 100420881 1 28498150
2761 100537519 1 28361412
346 100090660 0 28452858
346 100163691 1 28526607
346 100196000 1 28469530
346 100257301 1 28564783
346 100278241 1 28810090
346 100285595 1 28673886
346 100327236 1 28394900
346 100345029 1 28737332
346 100369929 1 28504799
346 100521063 1 28356107
23352 100024864 0 28867332
23690 100364276 0 28651111
13886 100034515 1 28891731
13886 100044468 1 28519120
13886 100088099 1 28609540
13886 100265961 1 28453563
13886 100418666 1 28658124
13886 100534635 1 28602260
8679 100001318 1 28942067
34382 100410668 1 28454950
883 100461820 1 28933829
137091 100119821 1 28830427
137091 100295970 1 28749036
137091 100418666 0 28886362
137091 100465022 1 28748066
137091 100475277 1 28605268
34939 100077140 1 28488789
34939 100103983 1 28481221
162961 100399271 1 28695877
986 100015919 0 28367106
986 100041697 1 28684721
986 100120931 1 28543757
986 100174928 1 28762853
986 100210042 1 28751878
986 100285678 1 28605557
986 100372317 0 28567564
986 100413858 0 28449736
986 100423854 1 28621920
986 100429123 1 28750210
986 100442249 0 28447768
986 100463620 1 28877812
986 100509606 1 28547941
986 100526060 1 28388896
986 100530296 0 28803348
986 100534758 1 28539284
986 100536682 1 28830224
57225 100395826 1 28374706
43058 100015834 1 28704188
43058 100077140 1 28474566
43058 100128244 1 28762238
43058 100137369 1 28532912
43058 100351563 1 28821882
43058 100423854 1 28383725
62994 100045615 0 28517852
62994 100356060 1 28411009
4148 100272859 1 28433323
4148 100318328 1 28522530
4148 100489486 1 28761716
4148 100526864 1 28460722
49879 100399201 1 28602648
49879 100469299 1 28377639
49879 100485747 1 28576743
28458 100167289 1 28541658
28458 100184111 0 28361765
16200 100102858 1 28442310
16200 100370533 1 28638403
16200 100487235 1 28394272
13906 100007406 1 28528803
13906 100087739 1 28618632
13906 100110311 0 28920662
13906 100122275 1 28574176
13906 100216201 1 28606703
13906 100250879 1 28463892
13906 100251356 1 28387968
13906 100294902 1 28494644
13906 100321386 1 28928622
13906 100344876 1 28785850
13906 100447093 1 28625933
13906 100473049 1 28540714
13906 100498107 1 28361902
13906 100505141 1 28737986
13906 100507654 1 28623589
13906 100525904 1 28625734
395 100116357 1 28924939
395 100223721 1 28924484
395 100274437 0 28857400
395 100383909 1 28744900
7840 100184766 1 28534858
7840 100293767 0 28538817
448557 100422248 0 28526476
6132 100068725 0 28729340
6132 100247268 1 28532684
6132 100296083 1 28606279
6132 100347863 1 28641686
6132 100359917 1 28904085
6132 100411813 0 28570665
105296 100102709 1 28377055
105296 100272445 1 28874058
105296 100368137 1 28731477
105296 100485143 1 28789907
105296 100523434 1 28533046
27877 100357320 1 28756812
11975 100119206 1 28395006
192179 100245908 1 28606676
192179 100491494 1 28663663
14875 100438638 1 28638613
14910 100037303 1 28452114
14910 100349011 1 28773561
14910 100350002 1 28774052
33448 100008945 0 28893871
33448 100036762 1 28892038
33448 100068839 1 28431555
33448 100207519 1 28499950
33448 100265382 1 28833905
81060 100274645 0 28715955
81060 100285678 1 28728419
159025 100345269 1 28372127
20211 100167299 0 28357590
28982 100004739 1 28596316
28982 100167299 0 28459676
28982 100414051 1 28909773
106830 100274721 1 28709701
7930 100251888 1 28585131
83340 100227873 1 28452245
17641 100155284 1 28541317
17641 100162598 1 28583172
17641 100414051 1 28720275
2827 100083142 1 28485316
2827 100143656 1 28863284
2827 100193671 1 28432922
2827 100211463 1 28914294
2827 100233725 0 28846816
2827 100416548 1 28387256
2827 100433441 1 28662672
2827 100445661 1 28463611
2827 100449174 1 28889612
2827 100478100 1 28866328
2827 100534181 1 28513127
13168 100213358 0 28713435
13168 100449223 0 28545627
11062 100071043 1 28638489
11062 100119385 1 28796554
11062 100393444 0 28363836
11062 100408181 1 28458060
11062 100519412 1 28771294
43119 100047978 1 28632742
43119 100299166 1 28447668
164690 100461820 1 28361757
59944 100320784 1 28652845
59944 100344876 1 28571275
59944 100441377 1 28631953
7656 100083142 1 28663829
7656 100124941 1 28745475
7656 100180275 0 28366608
7656 100192441 0 28699408
132495 100494699 0 28845121
2125 100052709 1 28626854
2125 100293767 1 28790287
2125 100427154 1 28380874
223234 100265279 0 28932655
13895 100031137 1 28406507
23269 100024864 1 28690172
42414 100311376 1 28929034
42414 100415840 1 28933914
19461 100109374 1 28458399
19461 100143656 1 28449298
19461 100318694 1 28386873
19461 100489104 1 28523829
19461 100527118 1 28612594
75976 100515520 1 28701941
7987 100170090 1 28808775
7987 100356776 1 28837013
11057 100357320 0 28453389
11057 100424128 0 28360047
11057 100525684 1 28613617
12510 100517818 1 28582406
21637 100273977 1 28422904
21637 100278241 1 28503735
21637 100387789 1 28562248
42301 100376107 1 28815851
83291 100068729 1 28518654
83291 100099488 1 28816756
101875 100242863 1 28615812
108653 100020662 1 28437047
5314 100081516 1 28575325
5314 100286668 1 28798344
5314 100299166 0 28454539
5314 100406648 1 28839600
5314 100454521 1 28775219
49710 100242329 1 28556209
49710 100490197 1 28796871
291 100029695 1 28790639
291 100154919 1 28897640
291 100200952 0 28918494
291 100213358 1 28915846
291 100218790 1 28602946
291 100221071 1 28700261
291 100269800 1 28858999
291 100299660 1 28718394
291 100302145 1 28751586
291 100374203 1 28461130
291 100395892 1 28866292
291 100404460 1 28826930
291 100454521 1 28659882
30356 100174197 1 28910453
57460 100464411 1 28788335
92543 100533744 1 28466271
1197 100486864 1 28471325
84738 100399354 0 28819198
1224 100001318 1 28893191
1224 100231133 1 28727806
1224 100291920 1 28811363
12162 100128208 1 28688972
12162 100282838 0 28639384
12162 100322571 1 28371384
12162 100376107 1 28378914
12162 100401874 0 28742227
302 100113347 1 28888432
302 100143250 1 28530192
302 100185498 0 28796498
302 100243975 1 28926933
302 100245621 1 28562422
302 100261381 1 28601485
302 100375621 1 28496932
302 100395655 1 28766479
302 100486318 1 28786962
302 100512665 1 28736566
302 100520877 1 28887441
302 100540300 1 28760726
63771 100216627 1 28763867
63771 100306077 1 28537676
63771 100420881 1 28416271
63771 100505914 1 28437568
16680 100045703 1 28421851
16680 100085771 1 28604690
16680 100224454 0 28607424
16680 100273582 1 28801831
16680 100327890 1 28891783
16680 100352079 1 28815391
16680 100395826 1 28486799
16680 100422962 0 28699693
16680 100473883 0 28847911
16680 100485747 1 28499499
54830 100376316 1 28618414
54830 100476115 0 28783675
49314 100100385 1 28779142
49314 100120627 1 28634999
49314 100189028 1 28475511
49314 100260482 1 28586956
49314 100362440 1 28599223
49314 100454521 1 28664323
49314 100529845 1 28361171
57512 100494402 1 28627272
10246 100023792 1 28456857
10246 100137369 1 28913137
10246 100250879 1 28618878
10246 100290414 1 28539037
10246 100450472 1 28396607
10246 100476535 1 28707259
42653 100265679 1 28911021
42653 100449174 1 28873623
44427 100272445 1 28800094
27182 100147145 0 28652031
27182 100174042 1 28397588
27182 100293767 0 28430588
27182 100524015 1 28832185
27182 100527275 1 28466149
51641 100026363 1 28387094
17009 100073778 1 28643622
17009 100297168 1 28713053
17009 100297844 1 28599167
17009 100341193 1 28728854
17009 100421581 0 28829290
17009 100454800 0 28742218
17009 100493160 0 28848842
17009 100495160 1 28379454
106520 100297844 0 28923468
45324 100484961 0 28718661
44 100029543 1 28718776
44 100120287 1 28842121
44 100194026 0 28377458
44 100265386 1 28543163
44 100446158 1 28574784
39149 100265857 0 28582209
6221 100130626 1 28370142
6221 100363053 1 28789619
6221 100428073 1 28790753
86404 100011638 0 28694327
86404 100212267 0 28512292
6335 100116357 0 28481844
6335 100128244 0 28405829
6335 100301622 0 28655207
6335 100366458 1 28580877
6335 100436413 1 28914179
120886 100119471 0 28669160
120886 100245908 1 28866997
120886 100429411 0 28766635
120886 100477235 0 28857393
23463 100064286 1 28911293
23463 100366458 1 28757823
23463 100387789 1 28695734
66438 100277091 1 28529864
48258 100275372 1 28425502
48258 100487893 0 28469659
7173 100067055 1 28445045
7173 100138828 1 28654259
7173 100262861 0 28744717
7173 100285256 1 28791465
7173 100418666 1 28914042
132739 100090660 1 28537527
132739 100155084 1 28674847
132739 100377425 1 28432587
24818 100125406 1 28441524
24818 100185965 1 28851155
24818 100271422 0 28368358
24842 100211438 1 28739376
24842 100360002 1 28404973
119726 100017367 1 28808942
4346 100035063 1 28375323
4346 100056100 1 28762831
4346 100191602 1 28505384
4346 100218956 0 28633115
4346 100493160 1 28492042
252297 100418666 1 28396882
54760 100069868 1 28666700
54760 100233912 1 28650307
23913 100092610 1 28790350
341655 100324456 1 28722909
341655 100526060 1 28448245
6277 100052156 1 28557937
6277 100516593 1 28443560
6277 100532791 1 28872331
51247 100421637 1 28845239
51247 100517493 1 28461835
67302 100400103 1 28942260
14406 100149093 0 28434806
14406 100418840 0 28656298
14406 100530038 0 28804159
77979 100265679 1 28388174
77979 100298534 1 28419707
77979 100357320 1 28435201
77979 100485912 0 28546637
77979 100523207 1 28605745
112685 100211463 1 28421432
112685 100347863 1 28365930
112685 100439968 1 28506308
608 100020662 1 28553064
608 100130793 1 28592043
608 100207402 0 28384330
608 100212267 0 28807798
608 100216201 1 28666567
608 100299394 1 28833198
608 100506567 1 28519695
608 100515520 1 28707723
41807 100056100 0 28448105
23315 100134691 1 28639564
23315 100198400 1 28712537
87213 100528826 1 28646766
16090 100311376 1 28710719
91861 100075863 1 28773209
91861 100272445 1 28398502
91861 100289253 1 28809887
91861 100368137 1 28711558
91861 100473269 0 28470997
106758 100104053 1 28434354
21151 100153018 0 28587614
2 100032366 1 28579946
2 100064811 1 28414442
2 100072129 1 28389497
2 100082929 0 28729258
2 100139256 0 28651296
2 100180580 1 28670704
2 100477759 1 28683558
42667 100013118 1 28474393
42667 100212645 1 28792147
42667 100250879 1 28534646
42667 100321386 1 28395567
42667 100392323 1 28837236
42667 100519412 1 28377606
42667 100523748 1 28509958
15477 100493005 1 28570339
4722 100050069 1 28448606
16554 100038381 0 28571929
16554 100282178 1 28453307
16554 100426822 1 28739372
16554 100538654 1 28430980
14346 100099488 1 28883022
14346 100101985 1 28395201
14346 100411192 1 28392095
14346 100417236 1 28495512
14346 100536129 1 28519322
19227 100079536 1 28899463
58977 100100385 1 28499601
58977 100153499 1 28764820
18765 100233912 1 28381400
4754 100058132 1 28488301
4754 100112984 1 28904710
4754 100120549 1 28511385
4754 100196245 1 28792621
4754 100303057 0 28695255
68406 100270926 1 28475384
68406 100460612 1 28880152
11930 100004645 0 28716031
11930 100110031 0 28414818
11930 100178846 1 28387704
11930 100213358 1 28453820
11930 100412461 1 28745083
11930 100456757 0 28904388
11930 100526761 1 28426893
89304 100487077 0 28718092
103926 100162283 1 28800891
103926 100238950 1 28631918
59102 100178549 1 28716900
59102 100527636 1 28798392
2854 100125497 0 28660621
2854 100170911 0 28613812
2854 100213405 1 28617737
2854 100332981 1 28678535
2854 100369656 1 28461974
2854 100383909 0 28514387
2854 100459129 0 28617319
2854 100492545 1 28624403
41395 100045703 1 28378635
41395 100178549 1 28835528
41395 100273977 1 28685859
41395 100347358 1 28394769
41395 100490274 1 28474609
6559 100216201 1 28539804
6559 100319517 1 28672792
6559 100441377 1 28884539
6559 100515520 1 28529854
6559 100527636 1 28677197
10400 100091158 0 28913078
10400 100228086 0 28501458
10400 100250879 0 28845213
10400 100416548 1 28748526
10400 100424964 0 28655357
168336 100518323 1 28639348
193852 100334964 0 28821375
7233 100025310 1 28824089
7233 100066440 1 28519477
7233 100110214 1 28824343
7233 100257363 1 28764016
7233 100280091 0 28546390
7233 100450472 1 28932240
7233 100458333 1 28859899
7233 100485143 1 28461292
7233 100528742 0 28859210
21959 100131465 0 28584638
17696 100042259 1 28488399
17696 100056905 1 28841692
17696 100184111 1 28730004
17696 100254743 1 28432459
17696 100399354 1 28588946
17696 100465318 1 28470588
17696 100497386 1 28579122
25156 100033064 1 28395947
25156 100536540 1 28613455
31801 100272398 1 28525686
190207 100330135 0 28436359
56544 100033026 1 28811058
56544 100122275 1 28783597
148863 100197252 1 28392715
148863 100240226 1 28395235
148863 100278241 1 28858792
7921 100097642 0 28773793
7921 100245159 0 28517962
27252 100320912 1 28553465
27252 100367656 1 28398804
27252 100378355 1 28588951
27252 100522053 1 28674536
123446 100145947 1 28423142
24058 100192987 1 28536959
27512 100277657 1 28489791
3018 100085352 1 28413167
3018 100167097 1 28901395
3018 100220029 1 28758042
3018 100270926 1 28851156
3018 100359917 1 28650297
3018 100361310 1 28425349
3018 100433966 1 28393447
3018 100475190 1 28666007
3018 100490274 1 28922478
3018 100509606 1 28761168
3018 100522310 1 28480001
152169 100023792 1 28468085
152169 100087739 1 28867573
152169 100091158 1 28377327
152169 100130793 1 28486926
152169 100289253 1 28754200
152169 100312734 1 28456667
105319 100128208 1 28657643
434890 100170553 1 28506751
1185 100010712 1 28775374
1185 100113344 1 28480272
1185 100121013 1 28655986
1185 100148037 1 28584484
1185 100172381 1 28812485
1185 100185498 1 28528050
1185 100311376 1 28902087
1185 100403349 1 28689940
1185 100415840 1 28408121
1185 100441200 1 28571511
1185 100480828 1 28699037
1185 100527309 1 28594808
17436 100118835 1 28512506
17436 100120627 1 28774826
17436 100278805 1 28629765
17436 100361038 1 28436173
17436 100390064 1 28710110
17436 100415818 1 28541811
21827 100032401 1 28826696
21827 100128190 1 28775053
21827 100131724 1 28614141
21827 100154919 0 28588909
21827 100158139 1 28602219
21827 100270506 1 28404159
21827 100279064 1 28603860
21827 100298435 1 28588958
21827 100537519 1 28656308
41369 100311376 1 28519459
2800 100084842 1 28606285
2800 100103983 1 28619627
2800 100120549 1 28428880
2800 100519412 1 28737903
43778 100295161 1 28516416
43778 100386084 1 28815064
43778 100522634 0 28843244
86676 100537970 0 28701047
19463 100031168 0 28754288
19463 100130793 0 28827692
19463 100213358 1 28679748
19463 100257400 0 28637501
19463 100275821 1 28706432
19463 100502410 1 28941177
3660 100120549 1 28589815
218818 100083450 1 28596425
18371 100258488 1 28849926
18371 100477033 1 28758841
136235 100229581 0 28941062
2870 100132569 0 28610193
2870 100246089 0 28596569
2870 100371963 0 28751976
2870 100429866 0 28643738
58845 100509606 1 28533781
16346 100008136 1 28849586
39967 100089363 1 28655901
39967 100222956 1 28545214
39967 100519412 1 28788257
208829 100147799 0 28545367
208829 100361310 1 28841181
208829 100519412 1 28482714
62802 100028123 1 28519595
62802 100093050 1 28724321
79345 100033985 1 28891196
104606 100356060 1 28803984
146979 100088099 1 28423094
146979 100448103 1 28486417
27390 100084842 1 28475366
27390 100125957 1 28776564
27390 100415840 1 28578077
241286 100524863 1 28804734
11043 100014090 1 28754079
11043 100322160 1 28421155
11043 100422477 1 28837874
34935 100235538 1 28585791
34935 100365150 1 28392738
54765 100490197 0 28575526
10878 100227481 1 28675460
181987 100096011 1 28487101
181987 100359088 1 28818965
42693 100084842 1 28901462
2317 100525658 1 28558604
75839 100158139 1 28758163
75839 100292866 0 28606213
75839 100298884 1 28576075
75839 100437021 1 28780214
3489 100302145 1 28606806
43070 100006130 1 28906374
17907 100072129 1 28653130
17907 100244585 0 28913071
17907 100272859 1 28787710
17907 100494699 0 28416443
27842 100370350 1 28439611
27842 100436413 1 28359862
43315 100080798 1 28745549
43315 100232910 1 28904061
43315 100452762 0 28668694
227 100035063 1 28876683
3530 100022891 1 28425536
3530 100031137 1 28604361
3530 100047783 1 28520199
3530 100052971 1 28421828
3530 100068445 1 28812973
3530 100144845 0 28876461
3530 100238152 1 28367146
3530 100267663 1 28712868
3530 100279064 1 28529252
3530 100284249 1 28706207
3530 100299660 1 28374892
3530 100399720 1 28831851
3530 100413858 1 28745783
3530 100439797 1 28558256
3530 100536682 1 28770501
144858 100315390 0 28928352
30300 100168119 1 28626862
30300 100174197 1 28898330
30300 100197942 1 28414576
30300 100285595 1 28623049
30300 100298435 1 28765218
30300 100361038 1 28883474
30300 100474446 1 28450322
30300 100494928 1 28597107
107201 100064256 1 28748013
107201 100276958 1 28837929
107201 100298435 1 28476661
107201 100380721 1 28567514
107201 100519412 1 28452450
5876 100244608 1 28453552
65888 100530296 1 28509909
220209 100267663 1 28821639
39042 100526761 1 28413378
151329 100119092 0 28488200
11151 100010712 1 28653306
126151 100091279 1 28576873
2099 100257579 1 28643483
2099 100311998 1 28625858
2099 100412567 1 28629719
2099 100459074 1 28494513
2099 100487893 1 28745345
2099 100493005 1 28702115
5297 100183036 1 28825639
5297 100272445 1 28356324
5297 100387876 1 28469849
5297 100449223 0 28821489
5297 100485465 1 28588641
105265 100031137 1 28641245
105265 100036762 1 28876561
105265 100059831 1 28472327
105265 100130331 1 28917544
105265 100377190 1 28469816
12357 100503765 1 28891754
47506 100530296 0 28715771
23513 100038339 1 28687774
23513 100065494 1 28711597
23513 100138118 1 28821898
23513 100186502 1 28511677
23513 100269759 1 28432188
23513 100357409 1 28412814
23513 100494224 1 28921866
14832 100061845 1 28816049
14832 100186647 1 28767410
14832 100192441 1 28930566
14832 100211463 1 28377396
14832 100268544 1 28365511
14832 100273639 1 28890671
14832 100325884 1 28426730
41473 100429123 1 28423105
10893 100429123 1 28479011
10893 100441377 0 28940177
10893 100527309 1 28429230
65857 100301424 1 28854870
137639 100211463 1 28479392
1183 100032401 1 28481835
1183 100102709 1 28835772
1183 100203546 1 28519700
1183 100206360 1 28781814
1183 100216201 1 28712602
1183 100245908 1 28700547
1183 100325773 1 28694397
1183 100338477 0 28783809
1183 100400446 1 28882784
1183 100419687 1 28788365
1183 100428073 1 28691988
1183 100449174 1 28543214
77217 100220029 1 28472296
77217 100291920 1 28379943
9166 100257721 1 28682619
9166 100265679 1 28564273
9166 100449619 1 28646752
3239 100101985 0 28801573
3239 100187391 1 28539438
3239 100276637 1 28500050
38168 100056100 1 28762710
42107 100103983 0 28698483
13873 100065494 1 28502620
13873 100370100 1 28890782
13873 100395711 1 28789424
13873 100537519 1 28473734
79149 100157393 1 28911537
67877 100425401 1 28569140
70168 100158895 0 28392274
70168 100526110 0 28503374
64260 100253172 1 28872145
64260 100518291 1 28557104
24291 100113712 0 28754472
28044 100429123 1 28930890
10829 100258380 0 28559028
10829 100519891 0 28566208
10829 100530296 0 28479813
103224 100291289 1 28888334
103224 100358107 1 28438541
8726 100005895 1 28622640
152469 100023792 1 28651203
152469 100072560 1 28501374
152469 100211463 1 28517381
994 100110214 1 28601146
994 100273582 1 28533101
994 100413040 1 28691967
994 100519807 1 28463012
7843 100080179 1 28457388
7843 100120627 0 28520070
7843 100302021 0 28824148
7843 100454521 0 28484617
7843 100473463 1 28443877
190410 100121928 1 28642730
4799 100029695 1 28902169
4799 100042064 1 28942101
4799 100280483 1 28362530
12221 100024459 0 28593062
12221 100029253 1 28522550
12221 100056100 1 28708297
12221 100147145 1 28592529
12221 100203627 0 28909282
12221 100267488 0 28497653
12221 100285678 1 28602920
12221 100353841 1 28863372
12221 100363146 1 28718561
12221 100374265 0 28807440
12221 100430849 1 28918704
12221 100486318 1 28709580
12221 100528826 1 28887573
90406 100253172 1 28733700
90406 100260482 1 28667821
11225 100043751 0 28769535
11225 100258230 1 28477089
11225 100287459 1 28408736
11225 100329067 1 28920579
11225 100356815 1 28728891
11225 100381092 1 28829827
11225 100402479 1 28696895
11225 100430805 1 28877772
11225 100494404 1 28372455
165625 100260456 1 28404455
165625 100527747 1 28827285
14927 100083509 1 28731277
215952 100508638 0 28458283
11126 100023528 0 28634107
11126 100084842 1 28655548
11126 100090660 0 28509903
11126 100211687 1 28595394
11126 100271036 1 28603272
11126 100293767 1 28543873
11126 100326762 0 28536152
11126 100371052 0 28754652
11126 100406648 0 28415851
11126 100421764 1 28458460
11126 100519412 1 28760305
13658 100119821 1 28585687
13658 100372488 1 28379260
38549 100084842 1 28415455
38549 100211463 1 28774633
38549 100250879 1 28904122
38549 100507142 1 28495706
58571 100091158 1 28499085
58571 100211463 1 28747135
58571 100507654 1 28766798
58571 100528497 1 28472310
151345 100428073 1 28679475
46918 100029139 1 28916815
101179 100276182 1 28776310
101179 100464717 1 28592245
13371 100404383 1 28734688
13371 100429123 1 28913842
67578 100118170 1 28804797
157301 100188114 1 28764243
157301 100282838 1 28936670
157301 100358358 1 28714809
185580 100537519 1 28446541
41011 100045703 1 28797666
41011 100526110 1 28448091
29083 100203627 0 28686551
29083 100211687 1 28824680
29083 100332981 1 28465130
29083 100358729 1 28390732
31919 100487207 1 28556434
23413 100096011 0 28623746
3989 100240226 1 28551819
87960 100121928 0 28578242
87960 100391902 0 28458524
87960 100529845 0 28577609
43004 100519891 1 28847467
25855 100174928 1 28714595
25855 100363933 1 28493989
25855 100386068 0 28502580
25855 100530406 1 28504428
4565 100006015 1 28410033
4565 100026363 0 28528564
4565 100041877 1 28743369
4565 100350855 1 28891596
4565 100372423 1 28781605
4565 100374265 1 28769991
349821 100229581 1 28638591
349821 100303057 1 28745862
1256 100264635 1 28894194
1256 100371052 0 28723993
5674 100154919 0 28672292
5674 100225353 1 28437071
54408 100224823 0 28674075
54408 100329318 1 28913212
54408 100340960 1 28719044
5522 100426216 1 28505153
846 100485143 1 28667162
111920 100064749 1 28439113
111920 100324456 0 28376067
111920 100390782 1 28404355
45712 100168699 1 28829057
45712 100218790 1 28493856
45712 100270926 1 28655512
45712 100395386 1 28494110
73056 100016273 1 28562429
8408 100153990 1 28446487
8408 100273639 1 28360217
8408 100430757 1 28937933
63113 100368460 1 28517874
123148 100247296 1 28466339
123148 100326762 0 28660091
123148 100361528 1 28750626
123148 100391401 1 28804553
123148 100517818 1 28446424
132427 100278805 1 28648340
11251 100168699 1 28773579
11251 100200263 0 28799204
11251 100327824 0 28920330
11251 100405649 0 28620058
11251 100515035 1 28819456
17432 100078057 1 28470809
17432 100112984 1 28908889
17432 100148107 1 28915299
17432 100251356 1 28886389
17432 100258380 1 28571974
17432 100278241 1 28511991
17432 100521063 1 28445554
24706 100358163 0 28886824
79399 100010252 1 28378275
79399 100311055 1 28692095
86610 100112224 1 28569505
30423 100474446 1 28867041
12489 100093050 1 28906289
12489 100130793 1 28420360
12489 100148815 1 28729340
12489 100189143 0 28813911
12489 100211463 1 28586681
12489 100293767 1 28384688
8313 100050934 1 28434800
8313 100125166 1 28939271
8313 100258488 1 28904409
1397 100523434 1 28821166
22038 100131465 1 28647168
21238 100231100 1 28767257
21238 100438176 0 28718900
22972 100115051 0 28494018
22972 100119471 0 28560829
62515 100069693 1 28802022
62515 100086993 1 28904990
62515 100416548 1 28505891
33711 100109378 1 28515708
141256 100021735 1 28923971
141256 100421468 1 28437015
19759 100399271 1 28676947
16953 100052156 0 28600428
16953 100125497 0 28584517
16953 100346370 1 28559345
16953 100532791 0 28545261
6224 100047783 1 28488303
6224 100056684 1 28814649
6224 100150448 1 28600834
6224 100235538 0 28362917
6224 100358163 1 28677840
6224 100366149 1 28728944
6224 100475036 1 28473179
6224 100517818 1 28608072
194835 100199628 1 28451057
194835 100348418 0 28443907
317298 100426216 1 28791103
35834 100228107 1 28465133
35360 100383650 1 28908016
16318 100103983 1 28520253
16318 100413858 1 28806085
24293 100069693 1 28618172
24293 100324669 1 28358239
24293 100373707 0 28497223
24293 100449223 1 28365374
24293 100493005 0 28914861
6404 100004739 1 28567356
6404 100056469 1 28539339
6404 100061845 1 28469429
6404 100083509 1 28896264
6404 100119157 1 28829273
6404 100239341 1 28474224
6404 100298534 1 28441432
6404 100311376 1 28607421
6404 100325884 1 28505279
6404 100390076 1 28603902
6404 100449174 1 28395575
6404 100534181 1 28461832
13930 100308479 0 28926483
22969 100020674 1 28581681
22969 100473049 1 28421654
91040 100013118 1 28939479
91040 100033026 1 28442959
91040 100069868 1 28562198
91040 100272445 1 28664966
91040 100387789 1 28713397
55141 100091158 0 28919855
5362 100077140 1 28697783
5362 100267663 1 28671541
5362 100352650 0 28633934
5362 100447093 1 28630417
5362 100540250 1 28779280
71556 100399354 1 28818008
381354 100367656 1 28539143
64454 100136957 1 28525756
64454 100312527 0 28759584
177042 100317069 1 28719247
177042 100372423 1 28402963
11790 100151621 1 28408865
11790 100416089 1 28363520
52874 100256164 1 28859075
9089 100269122 0 28654201
9089 100269564 1 28700393
9038 100014544 1 28578901
9038 100075863 1 28400968
9038 100210618 1 28856773
9038 100537380 1 28673447
5879 100191602 1 28722495
5879 100444651 1 28788729
8495 100017701 1 28887030
8495 100118751 1 28415208
8495 100165159 1 28651276
8495 100281729 1 28451691
22417 100049337 1 28882917
22806 100212396 1 28657655
22806 100258380 0 28799036
22806 100362549 1 28608076
22806 100373707 1 28512577
22806 100411166 0 28503126
22806 100429348 0 28458285
22806 100431130 0 28405285
22806 100490208 0 28739541
22806 100493005 1 28768633
22806 100494224 1 28504922
92508 100449223 1 28551182
4527 100196000 1 28517056
4527 100287707 0 28461146
4527 100520151 1 28611882
27847 100196000 0 28887225
27847 100358534 0 28794257
8998 100173154 1 28901067
8998 100408181 0 28407544
9037 100438176 0 28910099
54 100158139 1 28553320
54 100227873 1 28748244
54 100415189 1 28862832
39411 100516763 1 28798287
58779 100210618 1 28461915
58779 100319147 1 28385364
16606 100391665 1 28380403
51240 100124690 0 28897678
51240 100132608 1 28940058
51240 100172048 1 28589370
51240 100374265 1 28622704
51240 100399588 0 28614302
51240 100459328 1 28908643
51240 100487893 1 28770820
7607 100399271 1 28764112
7607 100436413 0 28462933
7607 100525684 1 28706739
19474 100310305 1 28912611
113745 100064291 0 28471456
113745 100517550 0 28501879
137300 100327236 0 28797588
16115 100295970 1 28512574
16115 100461820 1 28936615
129324 100119411 0 28744585
129324 100312527 0 28396567
129324 100485698 0 28509826
53661 100045703 1 28471385
53661 100211687 0 28809531
53661 100429348 1 28918290
7213 100197252 1 28642187
49286 100096130 1 28530785
49286 100177411 1 28808293
49286 100445362 1 28407843
49286 100459129 1 28899498
162586 100093107 0 28922101
1192 100027558 0 28518016
1192 100167289 1 28743532
4770 100053778 1 28882640
4770 100160179 0 28471249
4770 100239268 1 28746971
4770 100260786 1 28938194
4770 100373768 1 28420053
4770 100452202 1 28540008
4770 100534215 1 28902903
1406 100035063 1 28812120
1406 100062424 1 28848819
1406 100154919 1 28716247
1406 100229581 1 28774808
1406 100315637 1 28657379
1406 100429348 1 28873516
16545 100115051 1 28705424
16545 100246089 1 28918165
16545 100358849 1 28664830
3368 100326323 0 28917025
3368 100497038 0 28553128
147 100155084 1 28832135
72955 100107269 1 28903784
72955 100421228 1 28677014
22056 100366458 1 28530910
26529 100114990 1 28695581
56834 100328756 1 28494130
80240 100014544 1 28643941
21771 100103619 0 28723806
156201 100391902 1 28866504
156201 100500182 1 28717683
39076 100408491 0 28830948
25817 100007354 1 28543352
25817 100170911 1 28541249
3956 100042064 1 28912097
3956 100188966 1 28728285
3956 100326173 1 28929994
3956 100397811 1 28769705
3956 100419236 1 28792622
3956 100480254 1 28569495
3956 100526864 0 28432145
3956 100540896 1 28846095
2597 100000296 1 28927828
2597 100131220 1 28771108
4673 100237472 0 28804653
52710 100469797 0 28703721
42595 100416548 1 28798930
18391 100077140 1 28738583
18391 100321386 1 28608506
59631 100273977 1 28639840
59631 100382713 1 28683030
59631 100397811 1 28795177
5352 100441080 1 28532156
6065 100032959 1 28587996
6065 100131334 1 28840772
6065 100265614 1 28373384
6065 100288998 1 28798656
6065 100299179 0 28938128
6065 100372423 1 28529404
6065 100374265 1 28749780
2652 100044468 1 28899892
2652 100212422 1 28736045
2652 100273582 0 28585731
4725 100100833 1 28628529
4725 100300391 0 28685069
17955 100404719 1 28523506
55128 100519891 1 28533990
8452 100112995 1 28420172
8452 100191753 1 28802869
8452 100388799 1 28567234
8452 100414051 1 28616359
16169 100024333 0 28915240
16169 100187391 1 28491880
16169 100399588 1 28678954
85223 100097642 1 28791013
85223 100146419 0 28759686
85223 100405649 1 28743499
16607 100119385 1 28644680
16607 100225353 0 28575187
59040 100459328 1 28824896
116962 100150473 1 28432748
386144 100140389 1 28635339
386144 100246089 1 28927963
36161 100069868 1 28748032
36161 100146859 0 28748441
36161 100273582 1 28513097
36161 100392323 1 28549590
36161 100395040 1 28753061
57808 100118609 0 28434789
57808 100273977 1 28492802
57808 100431278 1 28681125
57808 100475190 0 28469489
163944 100052958 1 28549012
163944 100387863 1 28470688
38588 100148037 1 28548031
38588 100473463 1 28700963
10899 100013986 1 28680886
10899 100095005 1 28521150
10899 100245908 0 28756384
10899 100317069 0 28453622
10899 100332450 0 28842931
10899 100486931 1 28475360
9201 100098756 1 28637187
9201 100224823 1 28380416
9201 100270926 1 28771470
9201 100288563 1 28843283
9201 100368137 1 28686399
9201 100407796 0 28479540
9201 100415189 1 28358491
9201 100534215 0 28896506
27242 100144845 1 28589389
27242 100153018 1 28739275
27242 100203546 0 28778318
27242 100216201 1 28458707
27242 100274721 1 28733185
27242 100422248 1 28861045
27242 100431132 1 28759278
91592 100302357 1 28754195
16256 100165737 0 28729700
55938 100191599 1 28841260
20694 100212550 0 28696766
20694 100359088 0 28782722
20694 100506695 0 28874044
138218 100185498 1 28497166
9005 100185965 1 28757725
9005 100480254 1 28715662
76496 100170342 1 28547902
218754 100150473 1 28455060
218754 100322571 1 28420755
81 100100379 1 28930611
81 100415929 1 28888199
81 100429067 0 28458887
81 100521063 0 28606266
70592 100250879 1 28515066
24597 100002685 1 28390428
24597 100361528 1 28576458
24896 100360002 1 28789671
6740 100103983 1 28828715
29440 100519412 1 28637944
5476 100024299 1 28406735
5476 100132569 0 28867031
106688 100036939 1 28903168
106688 100056576 1 28780964
106688 100509305 0 28357554
13382 100032401 1 28502922
13382 100050492 0 28933012
13382 100066197 1 28468351
13382 100084842 1 28742987
13382 100164395 0 28864566
13382 100273639 0 28563131
13382 100286985 0 28520851
13382 100295970 1 28785145
13382 100300427 1 28532620
13382 100318328 1 28912243
13382 100465318 1 28444576
13382 100494404 1 28793845
23820 100277091 1 28483938
23820 100373707 1 28480466
23820 100429411 1 28885953
23820 100502410 0 28709902
8164 100145657 1 28882939
8164 100387789 0 28600286
8164 100528826 0 28679708
6073 100210997 1 28396249
6073 100261339 1 28807555
199143 100298435 1 28521523
7435 100249546 1 28452568
7435 100270134 1 28728735
7435 100275821 1 28639317
7435 100366149 1 28857195
7435 100471848 1 28680421
57727 100526482 0 28756812
